"{year, month, day, Nxz, Ny, TDV, Re, ksi, chi, r/R, lfi, wall, Rvac, etawall, Rm, m, n, gamma, \[Delta]gamma, omega, \[Delta]omega, kalibr+BC}"
{2015, 6, 21, 32, 32, 0, 0, 0, 1, 0.25, 5.711986642890532, 0, 2, 1, 223.2, 1, 1, 0., 0.01, 60.3, 0.5, "homogen"}
{2015, 6, 21, 32, 32, 0, 0, 0, 1, 0.25, 5.983986006837701, 0, 2, 1, 211.9847, 1, 1, 0., 0.001, 51.48, 0.05, "homogen"}
{2015, 6, 21, 32, 32, 0, 0, 0, 1, 0.25, 2*Pi, 0, 2, 1, 201.454, 1, 1, 0., 0.0001, 43.6, 0.1, "homogen"}
{2015, 6, 21, 32, 32, 0, 0, 0, 1, 0.25, 6.613879270715354, 0, 2, 1, 191.5922, 1, 1, 0., 0.0001, 36.5, 0.5, "homogen"}
{2015, 6, 21, 32, 32, 0, 0, 0, 1, 0.25, 6.981317007977318, 0, 2, 1, 182.3538, 1, 1, 0., 0.0001, 30.26, 0.1, "homogen"}
{2015, 6, 21, 32, 32, 0, 0, 0, 1, 0.25, 7.391982714328926, 0, 2, 1, 173.7561, 1, 1, 0., 0.0001, 24.715, 0.05, "homogen"}
{2015, 6, 21, 32, 32, 0, 0, 0, 1, 0.25, 7.853981633974483, 0, 2, 1, 165.8855, 1, 1, 0., 0.0001, 19.9, 0.1, "homogen"}
{2015, 6, 21, 32, 32, 0, 0, 0, 1, 0.25, 8.377580409572783, 0, 2, 1, 158.9613, 1, 1, 0., 0.0001, 15.716, 0.01, "homogen"}
{2015, 6, 21, 32, 32, 0, 0, 0, 1, 0.25, 8.975979010256552, 0, 2, 1, 153.4099, 1, 1, 0., 0.0001, 11.85, 0.5, "homogen"}
{2015, 6, 21, 32, 32, 0, 0, 0, 1, 0.25, 9.66643893412244, 0, 2, 1, 149.8019, 1, 1, 0., 0.0001, 9.2, 0.01, "homogen"}
{2015, 6, 21, 32, 32, 0, 0, 0, 1, 0.25, 10.471975511965978, 0, 2, 1, 245, 1, 1, -0.18, 0.1, 8.7, 0.1, "homogen"}
{2015, 6, 21, 32, 32, 0, 0, 0, 1, 0.25, 10.471975511965978, 0, 2, 1, 245, 2, 1, 0., 0.1, 69, 10, "homogen"}
{2015, 6, 21, 32, 32, 0, 0, 0, 1, 0.25, 11.423973285781065, 0, 2, 1, 223, 2, 1, 0., 0.1, 60.3, 0.5, "homogen"}
{2015, 6, 21, 32, 32, 0, 0, 0, 1, 0.25, 11.423973285781065, 0, 1, 1, 223, 1, 1, -0.3, 0.1, 5.62, 0.05, "homogen"}
{2015, 6, 21, 32, 32, 0, 0, 0, 2, 0.25, 5.711986642890532, 0, 2, 1, 162.74, 2, 1, 0., 0.05, 86.5, 5, "homogen"}
{2015, 6, 21, 32, 32, 0, 0, 0, 2, 0.25, 5.983986006837701, 0, 2, 1, 153.5, 2, 1, 0., 0.05, 71.2, 0.1, "homogen"}
{2015, 6, 21, 32, 32, 0, 0, 0, 2, 0.25, 2*Pi, 0, 2, 1, 147.14, 2, 1, 0., 0.001, 60.44, 0.01, "homogen"}
{2015, 6, 21, 32, 32, 0, 0, 0, 2, 0.25, 6.613879270715354, 0, 2, 1, 140.7046, 2, 1, 0., 0.0001, 50.5, 0.05, "homogen"}
{2015, 6, 21, 32, 32, 0, 0, 0, 2, 0.25, 6.981317007977318, 0, 2, 1, 135.5654, 2, 1, 0., 0.0001, 41.885, 0.001, "homogen"}
{2015, 6, 21, 32, 32, 0, 0, 0, 2, 0.25, 7.391982714328925, 0, 2, 1, 132.3118, 2, 1, 0., 0.00001, 34.458, 0.001, "homogen"}
{2015, 6, 21, 32, 32, 0, 0, 0, 2, 0.25, 7.853981633974483, 0, 2, 1, 133.201, 2, 1, 0., 0.0001, 28.385, 0.001, "homogen"}
{2015, 6, 21, 32, 32, 0, 0, 0, 2, 0.25, 8.377580409572781, 0, 2, 1, 165, 2, 1, -0.2, 0.1, 26.6, 0.3, "homogen"}
{2015, 6, 21, 32, 32, 0, 0, 0, 2, 0.25, 8.377580409572781, 0, 2, 1, 167, 3, 1, 0, 0.5, 95, 20, "homogen"}
{2015, 6, 21, 32, 32, 0, 0, 0, 2, 0.25, 8.975979010256552, 0, 2, 1, 153.8, 3, 1, 0, 0.05, 71.3, 0.1, "homogen"}
{2015, 6, 21, 32, 32, 0, 0, 0, 2, 0.25, 9.66643893412244, 0, 2, 1, 143.7759, 3, 1, 0, 0.0005, 55.28, 0.05, "homogen"}
{2015, 6, 21, 32, 32, 0, 0, 0, 2, 0.25, 10.471975511965978, 0, 2, 1, 135.5788, 3, 1, 0, 0.00005, 41.856, 0.005, "homogen"}
{2015, 6, 21, 32, 32, 0, 0, 0, 2, 0.25, 11.423973285781065, 0, 2, 1, 131.9561, 3, 1, 0, 0.00001, 31.2073, 0.001, "homogen"}
{2015, 6, 21, 32, 32, 0, 0, 0, 0.5, 0.25, 2*Pi, 0, 2, 1, 2445, 1, 1, -1.3, 0.5, 0.1, 0.1, "homogen"}
{2015, 6, 21, 32, 32, 0, 0, 0, 0.5, 0.25, 6.613879270715354, 0, 2, 1, 1382, 1, 0.5, 0.3, 0.05, 27.3, 1, "homogen"}
{2015, 6, 21, 32, 32, 0, 0, 0, 0.5, 0.25, 6.981317007977318, 0, 2, 1, 1014.9, 1, 0.5, 0., 0.001, 330, 50, "homogen"}
{2015, 6, 21, 32, 32, 0, 0, 0, 0.5, 0.25, 7.391982714328925, 0, 2, 1, 817.6520, 1, 0.5, 0., 0.001, 260, 10, "homogen"}
{2015, 6, 21, 32, 32, 0, 0, 0, 0.5, 0.25, 7.853981633974483, 0, 2, 1, 693, 1, 0.5, 0., 0.01, 198.5, 1, "homogen"}
{2015, 6, 21, 32, 32, 0, 0, 0, 0.5, 0.25, 8.377580409572781, 0, 2, 1, 617, 1, 0.5, 0., 0.5, 160, 10, "homogen"}
{2015, 6, 21, 32, 32, 0, 0, 0, 0.5, 0.25, 8.975979010256552, 0, 2, 1, 527, 1, 0.5, 0., 0.01, 119, 2, "homogen"}
{2015, 6, 21, 32, 32, 0, 0, 0, 0.5, 0.25, 9.66643893412244, 0, 2, 1, 474.7, 1, 0.5, 0., 0.01, 94, 1, "homogen"}
{2015, 6, 21, 32, 32, 0, 0, 0, 0.5, 0.25, 10.471975511965978, 0, 2, 1, 438, 1, 0.5, 0., 0.2, 73.3, 0.1, "homogen"}
{2015, 6, 21, 32, 32, 0, 0, 0, 0.5, 0.25, 11.423973285781065, 0, 2, 1, 398.5, 1, 1, 0., 0.05, 54.4, 0.1, "homogen"}
{2015, 6, 21, 32, 32, 0, 0, 0, 0.8, 0.25, 2*Pi, 0, 2, 1, 307, 1, 1, 0., 0.05, 87, 1, "homogen"}
{2015, 6, 21, 32, 32, 0, 0, 0, 0.8, 0.25, 6.613879270715354, 0, 2, 1, 289, 1, 1, 0., 0.2, 71, 2, "homogen"}
{2015, 6, 21, 32, 32, 0, 0, 0, 0.8, 0.25, 6.981317007977318, 0, 2, 1, 271, 1, 1, 0., 0.2, 62, 0.2, "homogen"}
{2015, 6, 21, 32, 32, 0, 0, 0, 0.8, 0.25, 7.391982714328925, 0, 2, 1, 254.864, 1, 1, 0., 0.005, 51.183, 0.002, "homogen"}
{2015, 6, 21, 32, 32, 0, 0, 0, 0.8, 0.25, 7.853981633974483, 0, 2, 1, 239.43, 1, 1, 0., 0.0001, 41.72, 0.005, "homogen"}
{2015, 6, 21, 32, 32, 0, 0, 0, 0.8, 0.25, 8.377580409572781, 0, 2, 1, 225.0529, 1, 1, 0., 0.0001, 33.455, 0.005, "homogen"}
{2015, 6, 21, 32, 32, 0, 0, 0, 0.8, 0.25, 8.975979010256552, 0, 2, 1, 211.7164, 1, 1, 0., 0.00001, 25.93, 0.01, "homogen"}
{2015, 6, 21, 32, 32, 0, 0, 0, 0.8, 0.25, 9.66643893412244, 0, 2, 1, 199.4829, 1, 1, 0., 0.00001, 20.2352, 0.01, "homogen"}
{2015, 6, 21, 32, 32, 0, 0, 0, 0.8, 0.25, 10.471975511965978, 0, 2, 1, 188.6526, 1, 1, 0., 0.00001, 15.1415, 0.0001, "homogen"}
{2015, 6, 21, 32, 32, 0, 0, 0, 0.8, 0.25, 11.423973285781065, 0, 2, 1, 179.8309, 1, 1, 0., 0.00001, 10.968, 0.001, "homogen"}
{2015, 6, 21, 32, 32, 0, 0, 0, 0.8, 0.25, 12.566370614359172, 0, 2, 1, 172.9098, 1, 1, 0., 0.0001, 7.6032, 0.001, "homogen"}
{2015, 6, 21, 32, 32, 0, 0, 0, 0.8, 0.25, 13.962634015954636, 0, 2, 1, 270.99, 1, 1, -0.11, 0.05, 6.1, 0.2, "homogen"}
{2015, 6, 21, 32, 32, 0, 0, 0, 0.8, 0.25, 13.962634015954636, 0, 2, 1, 270.99, 2, 1, 0., 0.05, 70, 20, "homogen"}
{2015, 6, 21, 32, 32, 0, 0, 0, 0.8, 0.25, 15.707963267948966, 0, 2, 1, 239.51, 2, 1, 0., 0.003, 44, 10, "homogen"}
{2015, 6, 21, 32, 32, 0, 0, 0, 0.8, 0.25, 17.951958020513104, 0, 2, 1, 211.7126, 2, 1, 0., 0.0001, 26.3, 0.1, "homogen"}
{2015, 6, 21, 32, 32, 0, 0, 0, 0.7, 0.25, 2*Pi, 0, 2, 1, 415, 1, 0.5, 0., 0.2, 134, 1, "homogen"}
{2015, 6, 21, 32, 32, 0, 0, 0, 0.7, 0.25, 6.613879270715354, 0, 2, 1, 375, 1, 0.5, 0., 0.01, 113, 1, "homogen"}
{2015, 6, 21, 32, 32, 0, 0, 0, 0.7, 0.25, 6.981317007977318, 0, 2, 1, 347, 1, 0.5, 0., 0.05, 94, 1, "homogen"}
{2015, 6, 21, 32, 32, 0, 0, 0, 0.7, 0.25, 7.391982714328925, 0, 2, 1, 329, 1, 0.5, 0., 0.1, 79, 2, "homogen"}
{2015, 6, 21, 32, 32, 0, 0, 0, 0.7, 0.25, 7.853981633974483, 0, 2, 1, 309, 1, 1, 0., 0.02, 63.9, 0.5, "homogen"}
{2015, 6, 21, 32, 32, 0, 0, 0, 0.7, 0.25, 8.377580409572781, 0, 2, 1, 287.46, 1, 1, 0., 0.005, 51.6, 0.2, "homogen"}
{2015, 6, 21, 32, 32, 0, 0, 0, 0.7, 0.25, 8.975979010256552, 0, 2, 1, 267.831, 1, 1, 0., 0.0005, 40.95, 0.01, "homogen"}
{2015, 6, 21, 32, 32, 0, 0, 0, 0.7, 0.25, 9.66643893412244, 0, 2, 1, 249.6539, 1, 1, 0., 0.0001, 31.8, 0.01, "homogen"}
{2015, 6, 21, 32, 32, 0, 0, 0, 0.7, 0.25, 10.471975511965978, 0, 2, 1, 232.9295, 1, 1, 0., 0.0001, 24.07, 0.01, "homogen"}
{2015, 6, 21, 32, 32, 0, 0, 0, 0.7, 0.25, 11.423973285781065, 0, 2, 1, 217.81, 1, 1, 0., 0.0001, 17.6514, 0.01, "homogen"}
{2015, 6, 21, 32, 32, 0, 0, 0, 0.7, 0.25, 12.566370614359172, 0, 2, 1, 204.9253, 1, 1, 0., 0.0001, 12.4595, 0.01, "homogen"}
{2015, 6, 21, 32, 32, 0, 0, 0, 0.7, 0.25, 13.962634015954636, 0, 2, 1, 194.6232, 1, 1, 0., 0.0001, 8.35863, 0.01, "homogen"}
{2015, 6, 21, 32, 32, 0, 0, 0, 0.7, 0.25, 15.707963267948966, 0, 2, 1, 317.9965, 2, 1, 0., 0.1, 66.5, 1, "homogen"}
{2015, 6, 21, 32, 32, 0, 0, 0, 0.7, 0.25, 17.951958020513104, 0, 2, 1, 267.8433, 2, 1, 0., 0.1, 41, 5, "homogen"}
{2015, 6, 21, 32, 32, 0, 0, 0, 0.6, 0.25, 2*Pi, 0, 2, 1, 660.27, 1, 0.5, 0., 0.001, 243.1, 0.5, "homogen"}
{2015, 6, 21, 32, 32, 0, 0, 0, 0.6, 0.25, 6.613879270715354, 0, 2, 1, 579.4, 1, 0.5, 0., 0.05, 194, 5, "homogen"}
{2015, 6, 21, 32, 32, 0, 0, 0, 0.6, 0.25, 6.981317007977318, 0, 2, 1, 520, 1, 1, 0., 0.5, 155, 5, "homogen"}
{2015, 6, 21, 32, 32, 0, 0, 0, 0.6, 0.25, 7.391982714328925, 0, 2, 1, 458, 1, 0.5, 0., 0.02, 128, 2, "homogen"}
{2015, 6, 21, 32, 32, 0, 0, 0, 0.6, 0.25, 7.853981633974483, 0, 2, 1, 416, 1, 0.5, 0., 0.02, 104.5, 1, "homogen"}
{2015, 6, 21, 32, 32, 0, 0, 0, 0.6, 0.25, 8.377580409572781, 0, 2, 1, 386.6, 1, 0.5, 0., 0.5, 85, 2, "homogen"}
{2015, 6, 21, 32, 32, 0, 0, 0, 0.6, 0.25, 8.975979010256552, 0, 2, 1, 360, 1, 1, 0., 0.2, 66, 2, "homogen"}
{2015, 6, 21, 32, 32, 0, 0, 0, 0.6, 0.25, 9.66643893412244, 0, 2, 1, 332.96, 1, 1, 0., 0.005, 52.66, 0.01, "homogen"}
{2015, 6, 21, 32, 32, 0, 0, 0, 0.6, 0.25, 10.471975511965978, 0, 2, 1, 306.64, 1, 1, 0., 0.001, 40.28, 0.01, "homogen"}
{2015, 6, 21, 32, 32, 0, 0, 0, 0.6, 0.25, 11.423973285781065, 0, 2, 1, 282.67, 1, 1, 0., 0.0002, 30, 5, "homogen"}
{2015, 6, 21, 32, 32, 0, 0, 0, 0.6, 0.25, 12.566370614359172, 0, 2, 1, 260.8687, 1, 1, 0., 0.0001, 21.478, 0.01, "homogen"}
{2015, 6, 21, 32, 32, 0, 0, 0, 0.6, 0.25, 13.962634015954636, 0, 2, 1, 241.682, 1, 1, 0., 0.0001, 14.7, 0.5, "homogen"}
{2015, 6, 21, 32, 32, 0, 0, 0, 0.6, 0.25, 15.707963267948966, 0, 2, 1, 226.1394, 1, 1, 0., 0.0001, 9.4913, 0.001, "homogen"}
{2015, 6, 21, 32, 32, 0, 0, 0, 0.6, 0.25, 17.951958020513104, 0, 2, 1, 357, 2, 1, 0., 0.1, 14.5, 0.4, "homogen"}
{2015, 6, 21, 32, 32, 0, 0, 0, 1.1, 0.25, 2*Pi, 0, 2, 1, 172.1026, 1, 1, 0., 0.0001, 32.5, 3.5, "homogen"}
{2015, 6, 21, 32, 32, 0, 0, 0, 1.1, 0.25, 6.613879270715354, 0, 2, 1, 164.6868, 1, 1, 0., 0.0001, 26.7745, 0.05, "homogen"}
{2015, 6, 21, 32, 32, 0, 0, 0, 1.1, 0.25, 6.981317007977318, 0, 2, 1, 157.8495, 1, 1, 0., 0.0001, 22.0589, 0.001, "homogen"}
{2015, 6, 21, 32, 32, 0, 0, 0, 1.1, 0.25, 7.391982714328925, 0, 2, 1, 151.7271, 1, 1, 0., 0.0001, 17.923, 0.001, "homogen"}
{2015, 6, 21, 32, 32, 0, 0, 0, 1.1, 0.25, 7.853981633974483, 0, 2, 1, 146.6037, 1, 1, 0., 0.0001, 14.2396, 0.01, "homogen"}
{2015, 6, 21, 32, 32, 0, 0, 0, 1.1, 0.25, 8.377580409572781, 0, 2, 1, 142.995, 1, 1, 0., 0.001, 11.2806, 0.001, "homogen"}
{2015, 6, 21, 32, 32, 0, 0, 0, 1.1, 0.25, 8.975979010256552, 0, 2, 1, 141.808, 1, 1, 0., 0.001, 8.70108, 0.001, "homogen"}
{2015, 6, 21, 32, 32, 0, 0, 0, 1.1, 0.25, 9.66643893412244, 0, 2, 1, 226.15, 1, 1, -1, 1, 8, 1, "homogen"}
{2015, 6, 21, 32, 32, 0, 0, 0, 1.1, 0.25, 9.66643893412244, 0, 2, 1, 226.15, 2, 1, 0., 0.05, 100, 100, "homogen"}
{2015, 6, 21, 32, 32, 0, 0, 0, 1.1, 0.25, 10.471975511965978, 0, 2, 1, 206, 2, 0.5, 0., 0.05, 60, 15, "homogen"}
{2015, 6, 21, 32, 32, 0, 0, 0, 1.1, 0.25, 11.423973285781065, 0, 2, 1, 188.4916, 2, 0.5, 0., 0.001, 30, 30, "homogen"}
{2015, 6, 21, 32, 32, 0, 0, 0, 1.1, 0.25, 12.566370614359172, 0, 2, 1, 171.1, 2, 0.5, 0., 0.0001, 31.927, 1, "homogen"}
{2015, 6, 21, 32, 32, 0, 0, 0, 1.1, 0.25, 13.962634015954636, 0, 2, 1, 157.8477, 2, 0.5, 0., 0.0001, 22, 0.5, "homogen"}
{2015, 6, 21, 32, 32, 0, 0, 0, 1.1, 0.25, 15.707963267948966, 0, 2, 1, 146.6032, 2, 0.5, 0., 0.0001, 14.339, 0.1, "homogen"}
{2015, 6, 21, 32, 32, 0, 0, 0, 1.1, 0.25, 17.951958020513104, 0, 2, 1, 180.0079, 3, 0.5, 0., 0.0001, 38.5, 0.5, "homogen"}
{2015, 6, 21, 32, 32, 0, 0, 0, 1.2, 0.25, 2*Pi, 0, 2, 1, 151.4379, 1, 1, 0., 0.0001, 24.1563, 0.01, "homogen"}
{2015, 6, 21, 32, 32, 0, 0, 0, 1.2, 0.25, 6.613879270715354, 0, 2, 1, 146.00444, 1, 1, 0., 0.0001, 19.7137, 0.01, "homogen"}
{2015, 6, 21, 32, 32, 0, 0, 0, 1.2, 0.25, 6.981317007977318, 0, 2, 1, 141.3385, 1, 1, 0., 0.0001, 16.6, 0.2, "homogen"}
{2015, 6, 21, 32, 32, 0, 0, 0, 1.2, 0.25, 7.391982714328925, 0, 2, 1, 137.8176, 1, 1, 0., 0.0001, 13.328, 0.01, "homogen"}
{2015, 6, 21, 32, 32, 0, 0, 0, 1.2, 0.25, 7.853981633974483, 0, 2, 1, 136.1998, 1, 1, 0., 0.0001, 10.6448, 0.01, "homogen"}
{2015, 6, 21, 32, 32, 0, 0, 0, 1.2, 0.25, 8.377580409572781, 0, 2, 1, 226.6903, 2, 0.5, 0., 0.05, 0, 100, "homogen"}
{2015, 6, 21, 32, 32, 0, 0, 0, 1.2, 0.25, 8.975979010256552, 0, 2, 1, 211.4, 2, 0.5, 0., 0.02, 50, 30, "homogen"}
{2015, 6, 21, 32, 32, 0, 0, 0, 1.2, 0.25, 9.66643893412244, 0, 2, 1, 193.3722, 2, 0.5, 0., 0.2, 66, 5, "homogen"}
{2015, 6, 21, 32, 32, 0, 0, 0, 1.2, 0.25, 10.471975511965978, 0, 2, 1, 178.1723, 2, 1, 0., 0.02, 46, 5, "homogen"}
{2015, 6, 21, 32, 32, 0, 0, 0, 1.2, 0.25, 11.423973285781065, 0, 2, 1, 163.9347, 2, 1, 0., 0.0001, 33.907, 0.01, "homogen"}
{2015, 6, 21, 32, 32, 0, 0, 0, 1.2, 0.25, 12.566370614359172, 0, 2, 1, 151.4364, 2, 1, 0., 0.0001, 24.1549, 0.01, "homogen"}
{2015, 6, 21, 32, 32, 0, 0, 0, 1.2, 0.25, 13.962634015954636, 0, 2, 1, 141.338, 2, 1, 0., 0.0001, 16.465, 0.01, "homogen"}
{2015, 6, 21, 32, 32, 0, 0, 0, 1.2, 0.25, 15.707963267948966, 0, 2, 1, 178, 2, 1, 0.34, 0.01, 12.3, 0.01, "homogen"}
{2015, 6, 21, 32, 32, 0, 0, 0, 1.2, 0.25, 15.707963267948966, 0, 2, 1, 178, 3, 1, 0., 0.01, 54, 1, "homogen"}
{2015, 6, 21, 32, 32, 0, 0, 0, 1.2, 0.25, 17.951958020513104, 0, 2, 1, 157.426, 3, 1, 0., 0.0001, 28.6, 1, "homogen"}
{2015, 6, 21, 32, 32, 0, 0, 0, 0.9, 0.25, 2*Pi, 0, 2, 1, 244, 1, 1, 0., 0.02, 60.9, 0.1, "homogen"}
{2015, 6, 21, 32, 32, 0, 0, 0, 0.9, 0.25, 6.613879270715354, 0, 2, 1, 230.59, 1, 1, 0., 0.002, 51.18, 0.1, "homogen"}
{2015, 6, 21, 32, 32, 0, 0, 0, 0.9, 0.25, 6.981317007977318, 0, 2, 1, 217.9946, 1, 1, 0., 0.002, 42.6, 0.1, "homogen"}
{2015, 6, 21, 32, 32, 0, 0, 0, 0.9, 0.25, 7.391982714328925, 0, 2, 1, 206.2419, 1, 1, 0., 0.0001, 35.01, 0.1, "homogen"}
{2015, 6, 21, 32, 32, 0, 0, 0, 0.9, 0.25, 7.853981633974483, 0, 2, 1, 195.2769, 1, 1, 0., 0.0001, 28.3567, 0.1, "homogen"}
{2015, 6, 21, 32, 32, 0, 0, 0, 0.9, 0.25, 8.377580409572781, 0, 2, 1, 185.13, 1, 1, 0., 0.0001, 22.5645, 0.1, "homogen"}
{2015, 6, 21, 32, 32, 0, 0, 0, 0.9, 0.25, 8.377580409572781, 0, 2, 1, 175.9532, 1, 1, 0., 0.0001, 17.598, 0.01, "homogen"}
{2015, 6, 21, 32, 32, 0, 0, 0, 0.9, 0.25, 9.66643893412244, 0, 2, 1, 168.1226, 1, 1, 0., 0.0001, 13.409, 0.01, "homogen"}
{2015, 6, 21, 32, 32, 0, 0, 0, 0.9, 0.25, 10.471975511965978, 0, 2, 1, 162.173, 1, 1, 0., 0.0005, 9.93552, 0.01, "homogen"}
{2015, 6, 21, 32, 32, 0, 0, 0, 0.9, 0.25, 11.423973285781065, 0, 2, 1, 272, 2, 1, 0., 0.1, 60, 50, "homogen"}
{2015, 6, 21, 32, 32, 0, 0, 0, 0.9, 0.25, 11.423973285781065, 0, 2, 1, 272, 1, 1, 0., 0.1, 9.36, 0.05, "homogen"}
{2015, 6, 21, 32, 32, 0, 0, 0, 0.9, 0.25, 12.566370614359172, 0, 2, 1, 244, 2, 1, 0., 0.02, 60.6, 0.1, "homogen"}
{2015, 6, 21, 32, 32, 0, 0, 0, 0.9, 0.25, 13.962634015954636, 0, 2, 1, 218.0165, 2, 1, 0., 0.001, 42.2, 1, "homogen"}
{2015, 6, 21, 32, 32, 0, 0, 0, 0.9, 0.25, 15.707963267948966, 0, 2, 1, 195.2735, 2, 1, 0., 0.0001, 28.2, 1, "homogen"}
{2015, 6, 21, 32, 32, 0, 0, 0, 0.9, 0.25, 17.951958020513104, 0, 2, 1, 175.951, 2, 1, 0., 0.0001, 17.6, 0.1, "homogen"}
{2015, 6, 21, 32, 32, 0, 0, 0, 1.3, 0.25, 5.711986642890532, 0, 2, 1, 146.3601, 1, 1, 0., 0.0001, 26.216, 0.005, "homogen"}
{2015, 6, 21, 32, 32, 0, 0, 0, 1.3, 0.25, 5.983986006837701, 0, 2, 1, 141.5159, 1, 1, 0., 0.0001, 22.162, 0.005, "homogen"}
{2015, 6, 21, 32, 32, 0, 0, 0, 1.3, 0.25, 2*Pi, 0, 2, 1, 137.2989, 1, 1, 0., 0.0001, 18.55, 0.005, "homogen"}
{2015, 6, 21, 32, 32, 0, 0, 0, 1.3, 0.25, 6.613879270715354, 0, 2, 1, 133.9859, 1, 1, 0., 0.0001, 15.3667, 0.005, "homogen"}
{2015, 6, 21, 32, 32, 0, 0, 0, 1.3, 0.25, 6.981317007977318, 0, 2, 1, 132.1541, 1, 1, 0., 0.0001, 12.5979, 0.01, "homogen"}
{2015, 6, 21, 32, 32, 0, 0, 0, 1.3, 0.25, 7.391982714328925, 0, 2, 1, 230, 2, 0.5, 0., 0.02, 14.36, 0.005, "homogen"}
{2015, 6, 21, 32, 32, 0, 0, 0, 1.3, 0.25, 7.853981633974483, 0, 2, 1, 212.5, 2, 0.5, 0., 0.002, 97, 0.5, "homogen"}
{2015, 6, 21, 32, 32, 0, 0, 0, 1.3, 0.25, 8.377580409572781, 0, 2, 1, 199.5, 2, 0.5, 0., 0.02, 78, 5, "homogen"}
{2015, 6, 21, 32, 32, 0, 0, 0, 1.3, 0.25, 8.975979010256552, 0, 2, 1, 191, 2, 0.5, 0., 0.2, 64, 2, "homogen"}
{2015, 6, 21, 32, 32, 0, 0, 0, 1.3, 0.25, 9.66643893412244, 0, 2, 1, 170.0831, 2, 0.5, 0., 0.0001, 47.5, 0.5, "homogen"}
{2015, 6, 21, 32, 32, 0, 0, 0, 1.3, 0.25, 10.471975511965978, 0, 2, 1, 157.4368, 2, 0.5, 0., 0.0001, 35.9, 0.5, "homogen"}
{2015, 6, 21, 32, 32, 0, 0, 0, 1.3, 0.25, 11.423973285781065, 0, 2, 1, 146.3589, 2, 0.5, 0., 0.0001, 26.28, 0.07, "homogen"}
{2015, 6, 21, 32, 32, 0, 0, 0, 1.4, 0.25, 2*Pi, 0, 2, 1, 270, 2, 0.5, 0., 0.2, 24.55, 0.1, "homogen"}
{2015, 6, 21, 32, 32, 0, 0, 0, 1.4, 0.25, 6.613879270715354, 0, 2, 1, 238, 2, 0.5, 0., 0.01, 18.14, 0.01, "homogen"}
{2015, 6, 21, 32, 32, 0, 0, 0, 1.4, 0.25, 6.981317007977318, 0, 2, 1, 216.94, 2, 0.5, 0., 0.01, 13.54, 0.02, "homogen"}
{2015, 6, 21, 32, 32, 0, 0, 0, 1.4, 0.25, 7.391982714328925, 0, 2, 1, 201.2, 2, 0.5, 0., 0.05, 10.3, 0.05, "homogen"}
{2015, 6, 21, 32, 32, 0, 0, 0, 1.4, 0.25, 7.853981633974483, 0, 2, 1, 190, 2, 0.5, -0.83, 0.2, 7.5, 0.05, "homogen"}
{2015, 6, 21, 32, 32, 0, 0, 0, 1.4, 0.25, 7.853981633974483, 0, 2, 1, 190, 2, 0.5, 0., 0.2, 78, 0.5, "homogen"}
{2015, 6, 21, 32, 32, 0, 0, 0, 1.4, 0.25, 8.377580409572781, 0, 2, 1, 176.17, 2, 0.5, 0., 0.01, 61.9, 0.5, "homogen"}
{2015, 6, 21, 32, 32, 0, 0, 0, 1.4, 0.25, 8.975979010256552, 0, 2, 1, 163.6, 2, 0.5, 0., 0.01, 48.7, 0.5, "homogen"}
{2015, 6, 21, 32, 32, 0, 0, 0, 1.4, 0.25, 9.66643893412244, 0, 2, 1, 152.3012, 2, 1, 0., 0.0001, 37.6, 0.5, "homogen"}
{2015, 6, 21, 32, 32, 0, 0, 0, 1.4, 0.25, 10.471975511965978, 0, 2, 1, 142.4009, 2, 1, 0., 0.0001, 28.27, 0.05, "homogen"}
{2015, 6, 21, 32, 32, 0, 0, 0, 1.4, 0.25, 11.423973285781065, 0, 2, 1, 134.2754, 2, 1, 0., 0.0001, 20.64, 0.01, "homogen"}
{2015, 6, 21, 32, 32, 0, 0, 0, 1.4, 0.25, 12.566370614359172, 0, 2, 1, 129.4189, 2, 1, 0., 0.0001, 14.7, 0.5, "homogen"}
{2015, 6, 21, 32, 32, 0, 0, 0, 1.4, 0.25, 13.962634015954636, 0, 2, 1, 157.7653, 2, 1, 0., 0.001, 11, 0.5, "homogen"}
{2015, 6, 21, 32, 32, 0, 0, 0, 1.4, 0.25, 15.707963267948966, 0, 2, 1, 142.3911, 3, 1, 0., 0.0001, 28.2462, 0.01, "homogen"}
{2015, 6, 21, 32, 32, 0, 0, 0, 1.4, 0.25, 17.951958020513104, 0, 2, 1, 131.249, 3, 1, 0., 0.0001, 17.4179, 0.01, "homogen"}
{2015, 6, 21, 32, 32, 0, 0, 0, 1.5, 0.25, 5.711986642890532, 0, 2, 1, 280, 2, 0.5, 0., 0.5, 29.15, 0.1, "homogen"}
{2015, 6, 21, 32, 32, 0, 0, 0, 1.5, 0.25, 5.983986006837701, 0, 2, 1, 248.5, 2, 0.5, 0., 0.05, 22.56, 0.1, "homogen"}
{2015, 6, 21, 32, 32, 0, 0, 0, 1.5, 0.25, 2*Pi, 0, 2, 1, 224.2, 2, 0.5, 0., 0.01, 17.2, 0.2, "homogen"}
{2015, 6, 21, 32, 32, 0, 0, 0, 1.5, 0.25, 6.613879270715354, 0, 2, 1, 206.07, 2, 0.5, 0., 0.005, 113.5, 1, "homogen"}
{2015, 6, 21, 32, 32, 0, 0, 0, 1.5, 0.25, 6.981317007977318, 0, 2, 1, 192.3, 2, 0.5, 0., 0.05, 95.5, 1, "homogen"}
{2015, 6, 21, 32, 32, 0, 0, 0, 1.5, 0.25, 7.391982714328925, 0, 2, 1, 183, 2, 0.5, 0., 0.5, 79, 1, "homogen"}
{2015, 6, 21, 32, 32, 0, 0, 0, 1.5, 0.25, 7.853981633974483, 0, 2, 1, 171, 2, 1, 0., 0.5, 62.5, 1, "homogen"}
{2015, 6, 21, 32, 32, 0, 0, 0, 1.5, 0.25, 8.377580409572781, 0, 2, 1, 158.5052, 2, 1, 0., 0.001, 50.4, 0.1, "homogen"}
{2015, 6, 21, 32, 32, 0, 0, 0, 1.5, 0.25, 8.975979010256552, 0, 2, 1, 148.3023, 2, 1, 0., 0.001, 39.5, 0.2, "homogen"}
{2015, 6, 21, 32, 32, 0, 0, 0, 1.5, 0.25, 9.66643893412244, 0, 2, 1, 139.4031, 2, 1, 0., 0.0001, 30.4, 0.2, "homogen"}
{2015, 6, 21, 32, 32, 0, 0, 0, 1.5, 0.25, 10.471975511965978, 0, 2, 1, 132.1297, 2, 1, 0., 0.0001, 22.75, 0.01, "homogen"}
{2015, 6, 21, 32, 32, 0, 0, 0, 1.5, 0.25, 11.423973285781065, 0, 2, 1, 127.7594, 2, 1, 0., 0.0001, 16.6, 0.01, "homogen"}
{2015, 6, 23, 32, 32, 0, 0, 0, 0.5, 0.25, 11.423973285781065, 0, 2, 1, 399.369, 1, 1, 0., 0.01, 54.5, 0.1, "homogen"}
{2015, 6, 23, 32, 32, 0, 0, 0, 0.5, 0.25, 4*Pi, 0, 2, 1, 362.1134, 1, 1, 0., 0.01, 39.715, 0.01, "homogen"}
{2015, 6, 23, 32, 32, 0, 0, 0, 0.5, 0.25, 13.962634015954636, 0, 2, 1, 328.615, 1, 1, 0., 0.00001, 27.75, 0.01, "homogen"}
{2015, 6, 23, 32, 32, 0, 0, 0, 0.5, 0.25, 15.707963267948966, 0, 2, 1, 298.7445, 1, 1, 0., 0.00001, 18.35, 0.005, "homogen"}
{2015, 6, 23, 32, 32, 0, 0, 0, 0.5, 0.25, 17.951958020513104, 0, 2, 1, 273.8103, 1, 1, 0., 0.00001, 11.2827, 0.005, "homogen"}
{2015, 6, 23, 32, 32, 0, 0, 0, 0.5, 0.25, 20.943951023931955, 0, 2, 1, 439.5, 2, 0.5, 0., 0.02, 74.91, 0.005, "homogen"}
{2015, 6, 23, 32, 32, 0, 0, 0, 0.5, 0.25, 25.132741228718345, 0, 2, 1, 362.1181, 2, 0.5, 0., 0.0002, 39.67, 0.05, "homogen"}
{2015, 9, 26, 32, 32, 0, 0, 0, 1.3, 0.25, 17.951958020513104, 0, 2, 1, 141.5, 3, 2, 0., 0.0001, 22.14, 0.1, "homogen"}
{2015, 9, 26, 32, 32, 0, 0, 0, 1.3, 0.25, 17.453292519943293, 0, 2, 1, 144.34, 3, 2, 0., 0.0001, 24.52, 0.1, "homogen"}
{2015, 9, 26, 32, 32, 0, 0, 0, 1.3, 0.25, 16.98158191129618, 0, 2, 1, 147.38, 3, 2, 0., 0.0001, 26.7, 0.1, "homogen"}
{2015, 9, 26, 32, 32, 0, 0, 0, 1.3, 0.25, 16.534698176788385, 0, 2, 1, 150.59, 3, 2, 0., 0.01, 29.8, 0.3, "homogen"}
{2015, 9, 26, 32, 32, 0, 0, 0, 1.3, 0.25, 16.110731556870732, 0, 2, 1, 153.92, 3, 2, 0., 0.01, 32.6, 0.1, "homogen"}
{2015, 9, 26, 32, 32, 0, 0, 0, 1.3, 0.25, 15.707963267948966, 0, 2, 1, 157.54, 2, 2, -0.06, 0.03, 8.8, 0.2, "homogen"}
{2015, 9, 26, 32, 32, 0, 0, 0, 1.3, 0.25, 15.324842212633136, 0, 2, 1, 161.04, 2, 2, -0.1, 0.1, 9.7, 0.2, "homogen"}
{2015, 9, 26, 32, 32, 0, 0, 0, 1.3, 0.25, 15.324842212633136, 0, 2, 1, 161.04, 3, 2, -0.5, 0.5, 37.5, 1., "homogen"}
{2015, 9, 26, 32, 32, 0, 0, 0, 1.3, 0.25, 14.959965017094254, 0, 2, 1, 134.41, 2, 2, 0., 0.05, 9.83, 0.05, "homogen"}
{2015, 9, 26, 32, 32, 0, 0, 0, 1.3, 0.25, 14.612058853906015, 0, 2, 1, 168.69, 3, 2, 0., 0.05, 46, 1.0, "homogen"}
{2015, 9, 26, 32, 32, 0, 0, 0, 1.3, 0.25, 14.612058853906015, 0, 2, 1, 168.69, 2, 2, 0.1, 0.05, 11.2, 0.5, "homogen"}
{2015, 9, 26, 32, 32, 0, 0, 0, 1.3, 0.25, 14.279966607226333, 0, 2, 1, 132.1073, 2, 2, 0., 0.001, 11.6, 0.05, "homogen"}
{2015, 9, 26, 32, 32, 0, 0, 0, 1.3, 0.25, 13.962634015954636, 0, 2, 1, 132.1558, 2, 2, 0., 0.001, 12.6, 0.02, "homogen"}
{2015, 9, 27, 32, 32, 0, 0, 0, 0.6, 0.25, 17.951958020513104, 0, 2, 1, 365, 2, 1, 0., 0.2, 68.8, 0.5, "homogen"}
{2015, 9, 27, 32, 32, 0, 0, 0, 0.6, 0.25, 17.453292519943293, 0, 2, 1, 213.554, 1, 1, 0., 0.001, 6.265, 0.01, "homogen"}
{2015, 9, 27, 32, 32, 0, 0, 0, 0.6, 0.25, 16.98158191129618, 0, 2, 1, 217.177, 1, 1, 0., 0.001, 6.997, 0.01, "homogen"}
{2015, 9, 27, 32, 32, 0, 0, 0, 0.6, 0.25, 16.534698176788385, 0, 2, 1, 391.25, 2, 1, 0., 0.02, 88.9, 0.2, "homogen"}
{2015, 9, 27, 32, 32, 0, 0, 0, 0.6, 0.25, 16.110731556870732, 0, 2, 1, 223.13, 1, 1, 0., 0.001, 8.6107, 0.01, "homogen"}
{2015, 9, 27, 32, 32, 0, 0, 0, 0.6, 0.25, 15.707963267948966, 0, 2, 1, 416.4, 1, 1, 0.6, 0.1, 13.9, 0.5, "homogen"}
{2015, 9, 27, 32, 32, 0, 0, 0, 0.6, 0.25, 15.707963267948966, 0, 2, 1, 416.4, 2, 1, 0., 0.02, 105, 1, "homogen"}
{2015, 9, 27, 32, 32, 0, 0, 0, 0.6, 0.25, 15.324842212633136, 0, 2, 1, 229, 1, 1, 0., 0.001, 10.4228, 0.01, "homogen"}
{2015, 9, 27, 32, 32, 0, 0, 0, 0.6, 0.25, 14.959965017094254, 0, 2, 1, 231.9296, 1, 1, 0., 0.001, 11.4078, 0.01, "homogen"}
{2015, 9, 27, 32, 32, 0, 0, 0, 0.6, 0.25, 14.612058853906015, 0, 2, 1, 235.015, 1, 1, 0., 0.001, 12.449, 0.01, "homogen"}
{2015, 9, 27, 32, 32, 0, 0, 0, 0.6, 0.25, 14.279966607226333, 0, 2, 1, 238.266, 1, 1, 0., 0.001, 13.549, 0.01, "homogen"}
{2015, 9, 27, 32, 32, 0, 0, 0, 0.6, 0.25, 13.962634015954636, 0, 2, 1, 241.682, 1, 1, 0., 0.001, 14.71, 0.05, "homogen"}
{2015, 9, 27, 32, 32, 0, 0, 0, 1.6, 0.25, 7.853981633974483, 0, 2, 1, 154.522, 2, 1, 0., 0.01, 52.0277, 0.01, "homogen"}
{2015, 9, 27, 32, 32, 0, 0, 0, 1.6, 0.25, 7.391982714328925, 0, 2, 1, 164.9818, 2, 1, 0., 0.02, 64.29, 0.01, "homogen"}
{2015, 9, 27, 32, 32, 0, 0, 0, 1.6, 0.25, 6.981317007977318, 0, 2, 1, 177, 2, 1, 0., 0.2, 79.5, 0.8, "homogen"}
{2015, 9, 27, 32, 32, 0, 0, 0, 1.6, 0.25, 6.613879270715354, 0, 2, 1, 185, 2, 1, 0., 0.01, 95.8, 0.2, "homogen"}
{2015, 9, 27, 32, 32, 0, 0, 0, 1.6, 0.25, 2*Pi, 0, 2, 1, 197.3568, 2, 1, 0., 0.001, 112.98, 0.05, "homogen"}
{2015, 9, 27, 32, 32, 0, 0, 0, 1.6, 0.25, 5.983986006837701, 0, 2, 1, 197.3568, 2, 1, 0., 0.005, 134.4, 0.2, "homogen"}
{2015, 9, 27, 32, 32, 0, 0, 0, 1.6, 0.25, 5.711986642890532, 0, 2, 1, 234, 2, 1, 0., 0.01, 162, 0.8, "homogen"}
{2015, 9, 27, 32, 32, 0, 0, 0, 1.6, 0.25, 5.463639397547467, 0, 2, 1, 260, 2, 1, 0., 0.4, 160, 20, "homogen"}
{2015, 9, 27, 32, 32, 0, 0, 0, 1.6, 0.25, 5.235987755982989, 0, 2, 1, 286, 2, 1, 0., 0.04, 100, 100, "homogen"}
{2015, 9, 27, 32, 32, 0, 0, 0, 1.6, 0.25, 5.235987755982989, 0, 2, 1, 286, 1, 1, -0.42, 0.1, 35.1381, 0.1, "homogen"}
{2015, 9, 27, 32, 32, 0, 0, 0, 1.7, 0.25, 6.981317007977318, 0, 2, 1, 161, 2, 1, 0., 0.05, 65.6, 0.1, "homogen"}
{2015, 9, 27, 32, 32, 0, 0, 0, 1.7, 0.25, 6.613879270715354, 0, 2, 1, 171, 2, 1, 0., 0.2, 75, 2, "homogen"}
{2015, 9, 27, 32, 32, 0, 0, 0, 1.8, 0.25, 2*Pi, 0, 2, 1, 168, 2, 1, 0., 0.05, 83.5, 0.5, "homogen"}
{2015, 9, 27, 32, 32, 0, 0, 0, 1.8, 0.25, 5.983986006837701, 0, 2, 1, 175, 2, 1, 0., 0.02, 96.9, 0.5, "homogen"}
{2015, 9, 27, 32, 32, 0, 0, 0, 1.8, 0.25, 5.711986642890532, 0, 2, 1, 184.9, 2, 1, 0., 0.01, 112.7, 0.1, "homogen"}
{2015, 9, 27, 32, 32, 0, 0, 0, 1.8, 0.25, 5.463639397547467, 0, 2, 1, 197.7, 2, 1, 0., 0.001, 131.96, 0.2, "homogen"}
{2015, 9, 27, 32, 32, 0, 0, 0, 1.8, 0.25, 5.235987755982989, 0, 2, 1, 214.1, 2, 1, 0., 0.01, 155.2, 0.8, "homogen"}
{2015, 9, 27, 32, 32, 0, 0, 0, 1.8, 0.25, 5.026548245743669, 0, 2, 1, 236, 2, 1, 0., 0.2, 180, 5, "homogen"}
{2015, 9, 27, 32, 32, 0, 0, 0, 1.8, 0.25, 4.83321946706122, 0, 2, 1, 258.8, 2, 1, 0., 0.1, 220, 15, "homogen"}
{2015, 9, 27, 32, 32, 0, 0, 0, 1.8, 0.25, 4.654211338651545, 0, 2, 1, 282.8352, 2, 1, 0., 0.01, 252, 1.5, "homogen"}
{2015, 9, 27, 32, 32, 0, 0, 0, 1.8, 0.25, 4.487989505128276, 0, 2, 1, 313.699, 1, 1, -0.322, 0.1, 48.5, 0.2, "homogen"}
{2015, 9, 27, 32, 32, 0, 0, 0, 1.8, 0.25, 4.333231246330749, 0, 2, 1, 128.634, 1, 1, 0., 0.001, 26.143, 0.01, "homogen"}
{2015, 9, 27, 32, 32, 0, 0, 0, 1.8, 0.25, 4.1887902047863905, 0, 2, 1, 130.1778, 1, 1, 0., 0.001, 29.431, 0.01, "homogen"}
{2015, 9, 27, 32, 32, 0, 0, 0, 1.9, 0.25, 2*Pi, 0, 2, 1, 155, 2, 1, 0., 0.1, 69.3, 0.5, "homogen"}
{2015, 9, 27, 32, 32, 0, 0, 0, 1.9, 0.25, 5.983986006837701, 0, 2, 1, 165, 2, 1, 0., 0.1, 83.7, 1, "homogen"}
{2015, 9, 27, 32, 32, 0, 0, 0, 0.6, 0.25, 17.951958020513104, 0, 2, 1, 209.4988, 1, 1, 0., 0.001, 5.588, 0.001, "homogen"}
{2015, 9, 27, 32, 32, 0, 0, 0, 0.6, 0.25, 18.47995678582231, 0, 2, 1, 205.3029, 1, 1, 0., 0.001, 4.9726, 0.001, "homogen"}
{2015, 9, 27, 32, 32, 0, 0, 0, 0.6, 0.25, 19.039955476301778, 0, 2, 1, 201.6791, 1, 1, 0., 0.001, 4.42397, 0.001, "homogen"}
{2015, 9, 27, 32, 32, 0, 0, 0, 0.6, 0.25, 19.634954084936208, 0, 2, 1, 199.7605, 1, 1, 0., 0.001, 3.94186, 0.001, "homogen"}
{2015, 9, 27, 32, 32, 0, 0, 0, 0.6, 0.25, 20.26833970057931, 0, 2, 1, 201.3565, 1, 1, 0., 0.001, 3.52158, 0.001, "homogen"}
{2015, 9, 27, 32, 32, 0, 0, 0, 0.6, 0.25, 20.943951023931955, 0, 2, 1, 211.7, 1, 1, 0., 0.01, 3.15652, 0.001, "homogen"}
{2015, 9, 27, 32, 32, 0, 0, 0, 0.6, 0.25, 21.666156231653748, 0, 2, 1, 358, 1, 1, 0., 0.5, 3.108, 0.01, "homogen"}
{2015, 9, 27, 32, 32, 0, 0, 0, 0.6, 0.25, 22.43994752564138, 0, 2, 1, 287.2868, 2, 1, 0., 0.05, 31.8666, 0.01, "homogen"}
{2015, 9, 27, 32, 32, 0, 0, 0, 0.6, 0.25, 23.271056693257723, 0, 2, 1, 278.1, 2, 1, 0., 0.01, 27.8, 0.3, "homogen"}
{2015, 9, 27, 32, 32, 0, 0, 0, 0.6, 0.25, 24.166097335306098, 0, 2, 1, 269.31, 2, 1, 0., 0.001, 24.64, 0.01, "homogen"}
{2015, 9, 27, 32, 32, 0, 0, 0, 0.6, 0.25, 25.132741228718345, 0, 2, 1, 260.8638, 2, 1, 0., 0.001, 21.4846, 0.01, "homogen"}
{2015, 9, 27, 32, 32, 0, 0, 0, 0.6, 0.25, 26.179938779914945, 0, 2, 1, 252.8181, 2, 1, 0., 0.001, 18.56, 0.01, "homogen"}
{2015, 9, 27, 32, 32, 0, 0, 0, 0.6, 0.25, 27.31819698773733, 0, 2, 1, 245.2512, 2, 1, 0., 0.001, 15.9292, 0.01, "homogen"}
{2015, 9, 27, 32, 32, 0, 0, 0, 0.6, 0.25, 28.559933214452666, 0, 2, 1, 238.2627, 2, 1, 0., 0.001, 13.547, 0.01, "homogen"}
{2015, 9, 27, 32, 32, 0, 0, 0, 0.6, 0.25, 29.919930034188507, 0, 2, 1, 231.9242, 2, 1, 0., 0.0001, 11.4067, 0.01, "homogen"}
{2015, 9, 27, 32, 32, 0, 0, 0, 0.7, 0.25, 15.707963267948966, 0, 2, 1, 185, 1, 1, 0., 0.05, 5.2775, 0.01, "homogen"}
{2015, 9, 27, 32, 32, 0, 0, 0, 0.7, 0.25, 16.110731556870732, 0, 2, 1, 181, 1, 1, 0., 0.05, 4.734, 0.01, "homogen"}
{2015, 9, 27, 32, 32, 0, 0, 0, 0.7, 0.25, 16.534698176788385, 0, 2, 1, 179.2, 1, 1, 0., 0.05, 4.3, 0.01, "homogen"}
{2015, 9, 27, 32, 32, 0, 0, 0, 0.7, 0.25, 16.98158191129618, 0, 2, 1, 178.96, 1, 1, 0., 0.01, 3.8703, 0.01, "homogen"}
{2015, 9, 27, 32, 32, 0, 0, 0, 0.7, 0.25, 17.453292519943293, 0, 2, 1, 181.53, 1, 1, 0., 0.03, 3.5079, 0.01, "homogen"}
{2015, 9, 27, 32, 32, 0, 0, 0, 0.7, 0.25, 17.951958020513104, 0, 2, 1, 189.11, 1, 1, 0., 0.05, 3.187, 0.01, "homogen"}
{2015, 9, 27, 32, 32, 0, 0, 0, 0.7, 0.25, 18.47995678582231, 0, 2, 1, 210, 1, 1, 0., 0.3, 2.92, 0.1, "homogen"}
{2015, 9, 27, 32, 32, 0, 0, 0, 0.7, 0.25, 19.039955476301778, 0, 2, 1, 265, 1, 1, 0., 0.5, 2.75, 0.1, "homogen"}
{2015, 9, 27, 32, 32, 0, 0, 0, 0.7, 0.25, 19.634954084936208, 0, 2, 1, 246.1897, 2, 1, 0., 0.001, 30.145, 0.01, "homogen"}
{2015, 9, 27, 32, 32, 0, 0, 0, 0.7, 0.25, 20.26833970057931, 0, 2, 1, 239.439, 2, 1, 0., 0.002, 26.997, 0.01, "homogen"}
{2015, 9, 27, 32, 32, 0, 0, 0, 0.7, 0.25, 20.943951023931955, 0, 2, 1, 232.9261, 2, 1, 0., 0.002, 24.066, 0.01, "homogen"}
{2015, 9, 27, 32, 32, 0, 0, 0, 0.7, 0.25, 21.666156231653748, 0, 2, 1, 226.6645, 2, 1, 0., 0.002, 21.35, 0.02, "homogen"}
{2015, 9, 27, 32, 32, 0, 0, 0, 0.7, 0.25, 22.43994752564138, 0, 2, 1, 220.6814, 2, 1, 0., 0.002, 18.83, 0.05, "homogen"}
{2015, 9, 27, 32, 32, 0, 0, 0, 0.7, 0.25, 23.271056693257723, 0, 2, 1, 215.0229, 2, 1, 0., 0.002, 16.517, 0.01, "homogen"}
{2015, 9, 27, 32, 32, 0, 0, 0, 0.7, 0.25, 24.166097335306098, 0, 2, 1, 209.7508, 2, 1, 0., 0.002, 14.394, 0.01, "homogen"}
{2015, 9, 27, 32, 32, 0, 0, 0, 0.7, 0.25, 25.132741228718345, 0, 2, 1, 204.9264, 2, 1, 0., 0.002, 12.4585, 0.01, "homogen"}
{2015, 9, 27, 32, 32, 0, 0, 0, 0.7, 0.25, 26.179938779914945, 0, 2, 1, 200.5734, 2, 1, 0., 0.002, 10.698, 0.01, "homogen"}
{2015, 9, 27, 32, 32, 0, 0, 0, 0.7, 0.25, 27.31819698773733, 0, 2, 1, 196.5882, 2, 1, 0., 0.002, 9.1006, 0.01, "homogen"}
{2015, 9, 27, 32, 32, 0, 0, 0, 0.7, 0.25, 28.559933214452666, 0, 2, 1, 192.6447, 2, 1, 0., 0.002, 7.654, 0.01, "homogen"}
{2015, 9, 27, 32, 32, 0, 0, 0, 0.7, 0.25, 29.919930034188507, 0, 2, 1, 188.1755, 2, 1, 0., 0.002, 6.356, 0.01, "homogen"}
{2015, 9, 27, 32, 32, 0, 0, 0, 0.8, 0.25, 13.659098493868665, 0, 2, 1, 178, 1, 1, 0., 0.2, 5.62, 0.01, "homogen"}
{2015, 9, 27, 32, 32, 0, 0, 0, 0.8, 0.25, 14.279966607226333, 0, 2, 1, 168, 1, 1, 0., 0.05, 4.62, 0.01, "homogen"}
{2015, 9, 27, 32, 32, 0, 0, 0, 0.8, 0.25, 14.959965017094254, 0, 2, 1, 168.38, 1, 1, 0., 0.002, 3.855, 0.01, "homogen"}
{2015, 9, 27, 32, 32, 0, 0, 0, 0.8, 0.25, 15.707963267948966, 0, 2, 1, 185, 1, 1, 0., 0.1, 3.25, 0.01, "homogen"}
{2015, 9, 27, 32, 32, 0, 0, 0, 0.8, 0.25, 16.534698176788385, 0, 2, 1, 235, 1, 1, 0., 0.3, 2.82, 0.01, "homogen"}
{2015, 9, 27, 32, 32, 0, 0, 0, 0.8, 0.25, 17.453292519943293, 0, 2, 1, 216.9242, 2, 1, 0., 0.01, 29.045, 0.01, "homogen"}
{2015, 9, 27, 32, 32, 0, 0, 0, 0.8, 0.25, 18.47995678582231, 0, 2, 1, 206.6804, 2, 1, 0., 0.002, 23.77, 0.01, "homogen"}
{2015, 9, 27, 32, 32, 0, 0, 0, 0.8, 0.25, 19.634954084936208, 0, 2, 1, 197.189, 2, 1, 0., 0.002, 19.137, 0.01, "homogen"}
{2015, 9, 27, 32, 32, 0, 0, 0, 0.8, 0.25, 20.943951023931955, 0, 2, 1, 188.6553, 2, 1, 0., 0.002, 15.14, 0.01, "homogen"}
{2015, 9, 27, 32, 32, 0, 0, 0, 0.8, 0.25, 22.43994752564138, 0, 2, 1, 181.4185, 2, 1, 0., 0.002, 11.7341, 0.01, "homogen"}
{2015, 9, 27, 32, 32, 0, 0, 0, 0.8, 0.25, 24.166097335306098, 0, 2, 1, 175.6087, 2, 1, 0., 0.002, 8.86, 0.01, "homogen"}
{2015, 9, 27, 32, 32, 0, 0, 0, 0.9, 0.25, 10.471975511965978, 0, 2, 1, 162.4, 1, 1, 0., 0.05, 9.945, 0.01, "homogen"}
{2015, 9, 27, 32, 32, 0, 0, 0, 0.9, 0.25, 10.833078115826874, 0, 2, 1, 160.44, 1, 1, 0., 0.01, 8.72986, 0.01, "homogen"}
{2015, 9, 27, 32, 32, 0, 0, 0, 0.9, 0.25, 11.21997376282069, 0, 2, 1, 158.8756, 1, 1, 0., 0.005, 7.61596, 0.01, "homogen"}
{2015, 9, 27, 32, 32, 0, 0, 0, 0.9, 0.25, 11.635528346628861, 0, 2, 1, 157.4659, 1, 1, 0., 0.005, 6.598, 0.01, "homogen"}
{2015, 9, 27, 32, 32, 0, 0, 0, 0.9, 0.25, 12.083048667653049, 0, 2, 1, 156.2677, 1, 1, 0., 0.005, 5.678, 0.01, "homogen"}
{2015, 9, 27, 32, 32, 0, 0, 0, 0.9, 0.25, 12.566370614359172, 0, 2, 1, 156.0231, 1, 1, 0., 0.001, 4.8653, 0.01, "homogen"}
{2015, 9, 27, 32, 32, 0, 0, 0, 0.9, 0.25, 13.089969389957473, 0, 2, 1, 159.0865, 1, 1, 0., 0.001, 4.171, 0.01, "homogen"}
{2015, 9, 27, 32, 32, 0, 0, 0, 0.9, 0.25, 13.659098493868665, 0, 2, 1, 172.2, 1, 1, 0., 0.1, 3.45, 0.05, "homogen"}
{2015, 9, 27, 32, 32, 0, 0, 0, 0.9, 0.25, 14.279966607226333, 0, 2, 1, 222, 1, 1, 0., 0.5, 3.253, 0.05, "homogen"}
{2015, 9, 27, 32, 32, 0, 0, 0, 0.9, 0.25, 14.959965017094254, 0, 2, 1, 203.9838, 2, 1, 0., 0.001, 33.605, 0.01, "homogen"}
{2015, 9, 27, 32, 32, 0, 0, 0, 1.6, 0.25, 4.053667940115862, 0, 2, 1, 149.7515, 1, 1, 0., 0.001, 46.5507, 0.001, "homogen"}
{2015, 9, 27, 32, 32, 0, 0, 0, 1.6, 0.25, 4.1887902047863905, 0, 2, 1, 145.2726, 1, 1, 0., 0.001, 41.4761, 0.001, "homogen"}
{2015, 9, 27, 32, 32, 0, 0, 0, 1.6, 0.25, 4.333231246330749, 0, 2, 1, 141.0959, 1, 1, 0., 0.001, 36.787, 0.005, "homogen"}
{2015, 9, 27, 32, 32, 0, 0, 0, 1.6, 0.25, 4.487989505128276, 0, 2, 1, 137.246, 1, 1, 0., 0.001, 32.471, 0.005, "homogen"}
{2015, 9, 27, 32, 32, 0, 0, 0, 1.6, 0.25, 4.654211338651545, 0, 2, 1, 133.7726, 1, 1, 0., 0.001, 28.511, 0.005, "homogen"}
{2015, 9, 27, 32, 32, 0, 0, 0, 1.6, 0.25, 4.83321946706122, 0, 2, 1, 130.7676, 1, 1, 0., 0.001, 24.897, 0.005, "homogen"}
{2015, 9, 27, 32, 32, 0, 0, 0, 1.6, 0.25, 5.026548245743669, 0, 2, 1, 128.403, 1, 1, 0., 0.001, 21.624, 0.005, "homogen"}
{2015, 9, 27, 32, 32, 0, 0, 0, 1.6, 0.25, 5.235987755982989, 0, 2, 1, 127.0325, 1, 1, 0., 0.001, 18.6915, 0.005, "homogen"}
{2015, 9, 27, 32, 32, 0, 0, 0, 1.6, 0.25, 5.463639397547467, 0, 2, 1, 127.5539, 1, 1, 0., 0.001, 16.125, 0.005, "homogen"}
{2015, 9, 27, 32, 32, 0, 0, 0, 1.6, 0.25, 5.711986642890532, 0, 2, 1, 134.3228, 1, 1, 0., 0.005, 14.122, 0.005, "homogen"}
{2015, 9, 27, 32, 32, 0, 0, 0, 1.6, 0.25, 5.983986006837701, 0, 2, 1, 213.5466, 2, 1, 0., 0.05, 133, 1, "homogen"}
{2015, 9, 27, 32, 32, 0, 0, 0, 1.7, 0.25, 4.053667940115862, 0, 2, 1, 139.2994, 1, 1, 0., 0.001, 38.9373, 0.001, "homogen"}
{2015, 9, 27, 32, 32, 0, 0, 0, 1.7, 0.25, 4.1887902047863905, 0, 2, 1, 135.8388, 1, 1, 0., 0.001, 34.6643, 0.001, "homogen"}
{2015, 9, 27, 32, 32, 0, 0, 0, 1.7, 0.25, 4.333231246330749, 0, 2, 1, 132.7506, 1, 1, 0., 0.001, 30.727, 0.001, "homogen"}
{2015, 9, 27, 32, 32, 0, 0, 0, 1.7, 0.25, 4.487989505128276, 0, 2, 1, 130.1288, 1, 1, 0., 0.001, 27.116, 0.005, "homogen"}
{2015, 9, 27, 32, 32, 0, 0, 0, 1.7, 0.25, 4.654211338651545, 0, 2, 1, 128.1495, 1, 1, 0., 0.001, 23.831, 0.005, "homogen"}
{2015, 9, 27, 32, 32, 0, 0, 0, 1.7, 0.25, 4.83321946706122, 0, 2, 1, 127.1775, 1, 1, 0., 0.001, 20.874, 0.005, "homogen"}
{2015, 9, 27, 32, 32, 0, 0, 0, 1.7, 0.25, 5.026548245743669, 0, 2, 1, 128.169, 1, 1, 0., 0.001, 18.289, 0.005, "homogen"}
{2015, 9, 27, 32, 32, 0, 0, 0, 1.7, 0.25, 5.235987755982989, 0, 2, 1, 136.3452, 1, 1, 0., 0.005, 16.394, 0.005, "homogen"}
{2015, 9, 27, 32, 32, 0, 0, 0, 1.7, 0.25, 5.463639397547467, 0, 2, 1, 223.0906, 2, 1, 0., 0.02, 157, 0.5, "homogen"}
{2015, 9, 27, 32, 32, 0, 0, 0, 1.7, 0.25, 5.711986642890532, 0, 2, 1, 204.6159, 2, 1, 0., 0.001, 132.7, 0.5, "homogen"}
{2015, 9, 27, 32, 32, 0, 0, 0, 1.7, 0.25, 5.983986006837701, 0, 2, 1, 190.4109, 2, 1, 0., 0.001, 112.5, 0.5, "homogen"}
{2015, 9, 27, 32, 32, 0, 0, 0, 1.8, 0.25, 4.487989505128276, 0, 2, 1, 128.1926, 1, 1, 0., 0.001, 23.18, 0.05, "homogen"}
{2015, 9, 27, 32, 32, 0, 0, 0, 1.8, 0.25, 4.654211338651545, 0, 2, 1, 130.0332, 1, 1, 0., 0.001, 20.6236, 0.05, "homogen"}
{2015, 9, 27, 32, 32, 0, 0, 0, 1.8, 0.25, 4.83321946706122, 0, 2, 1, 143, 1, 1, 0., 0.1, 19.205, 0.01, "homogen"}
{2015, 9, 27, 32, 32, 0, 0, 0, 1.8, 0.25, 5.235987755982989, 0, 2, 1, 214., 2, 1, 0., 0.005, 155.2, 0.5, "homogen"}
{2015, 9, 27, 32, 32, 0, 0, 0, 1.8, 0.25, 5.463639397547467, 0, 2, 1, 197.7, 2, 1, 0., 0.005, 131.7, 0.5, "homogen"}
{2015, 9, 27, 32, 32, 0, 0, 0, 1.8, 0.25, 5.711986642890532, 0, 2, 1, 184.873, 2, 1, 0., 0.001, 112.6, 0.2, "homogen"}
{2015, 9, 27, 32, 32, 0, 0, 0, 1.8, 0.25, 5.983986006837701, 0, 2, 1, 175.0371, 2, 1, 0., 0.005, 96.14, 0.2, "homogen"}
{2015, 9, 27, 32, 32, 0, 0, 0, 1.8, 0.25, 6.283185307179586, 0, 2, 1, 168.1, 2, 1, 0., 0.05, 83, 1, "homogen"}
{2015, 9, 27, 32, 32, 0, 0, 0, 1.8, 0.25, 6.613879270715354, 0, 2, 1, 158.2063, 2, 1, 0., 0.001, 67.57, 0.2, "homogen"}
{2015, 9, 27, 32, 32, 0, 0, 0, 1.8, 0.25, 6.981317007977318, 0, 2, 1, 149.3431, 2, 1, 0., 0.001, 55.915, 0.1, "homogen"}
{2015, 9, 27, 32, 32, 0, 0, 0, 1.8, 0.25, 7.391982714328925, 0, 2, 1, 141.6333, 2, 1, 0., 0.001, 45.74, 0.1, "homogen"}
{2015, 9, 27, 32, 32, 0, 0, 0, 1.9, 0.25, 3.9269908169872414, 0, 2, 1, 130.9014, 1, 1, 0., 0.001, 31.864, 0.01, "homogen"}
{2015, 9, 27, 32, 32, 0, 0, 0, 1.9, 0.25, 4.053667940115862, 0, 2, 1, 129.87, 1, 1, 0., 0.001, 28.593, 0.01, "homogen"}
{2015, 9, 27, 32, 32, 0, 0, 0, 1.9, 0.25, 4.1887902047863905, 0, 2, 1, 130.1445, 1, 1, 0., 0.001, 25.667, 0.01, "homogen"}
{2015, 9, 27, 32, 32, 0, 0, 0, 1.9, 0.25, 4.333231246330749, 0, 2, 1, 133.4473, 1, 1, 0., 0.001, 23.23, 0.01, "homogen"}
{2015, 9, 27, 32, 32, 0, 0, 0, 1.9, 0.25, 4.487989505128276, 0, 2, 1, 191, 1, 1, -0.45, 0.1, 25.5, 1, "homogen"}
{2015, 9, 27, 32, 32, 0, 0, 0, 1.9, 0.25, 4.654211338651545, 0, 2, 1, 248.6439, 2, 1, 0., 0.1, 205, 5, "homogen"}
{2015, 9, 27, 32, 32, 0, 0, 0, 1.9, 0.25, 4.83321946706122, 0, 2, 1, 225.5, 2, 1, 0., 0.02, 180, 5, "homogen"}
{2015, 9, 27, 32, 32, 0, 0, 0, 1.9, 0.25, 5.026548245743669, 0, 2, 1, 207.02, 2, 1, 0., 0.01, 153.8, 1, "homogen"}
{2015, 9, 27, 32, 32, 0, 0, 0, 1.9, 0.25, 5.235987755982989, 0, 2, 1, 192.1859, 2, 1, 0., 0.001, 131.7, 0.1, "homogen"}
{2015, 9, 27, 32, 32, 0, 0, 0, 1.9, 0.25, 5.463639397547467, 0, 2, 1, 180.4842, 2, 1, 0., 0.001, 113.36, 0.05, "homogen"}
{2015, 9, 27, 32, 32, 0, 0, 0, 1.9, 0.25, 5.711986642890532, 0, 2, 1, 171.4797, 2, 1, 0., 0.002, 98.04, 0.05, "homogen"}
{2015, 9, 27, 32, 32, 0, 0, 0, 1.9, 0.25, 5.983986006837701, 0, 2, 1, 164, 2, 1, 0., 0.2, 83, 5, "homogen"}
{2015, 9, 27, 32, 32, 0, 0, 0, 1.9, 0.25, 2*Pi, 0, 2, 1, 156, 2, 1, 0., 0.02, 69.5, 0.5, "homogen"}
{2015, 9, 27, 32, 32, 0, 0, 0, 1.9, 0.25, 6.613879270715354, 0, 2, 1, 147.9113, 2, 1, 0., 0.001, 58.09, 0.01, "homogen"}
{2015, 9, 27, 32, 32, 0, 0, 0, 1.9, 0.25, 6.981317007977318, 0, 2, 1, 140.8586, 2, 1, 0., 0.001, 48.06, 0.01, "homogen"}
{2015, 9, 27, 32, 32, 0, 0, 0, 1.9, 0.25, 7.391982714328925, 0, 2, 1, 135.0355, 2, 1, 0., 0.001, 39.343, 0.01, "homogen"}
{2015, 9, 27, 32, 32, 0, 0, 0, 1.9, 0.25, 7.853981633974483, 0, 2, 1, 130.9036, 2, 1, 0., 0.001, 31.864, 0.01, "homogen"}
{2015, 9, 27, 32, 32, 0, 0, 0, 1, 0.25, 9.519977738150889, 0, 2, 1, 151, 1, 1, 0., 0.1, 9.98, 0.05, "homogen"}
{2015, 9, 27, 32, 32, 0, 0, 0, 1, 0.25, 9.817477042468104, 0, 2, 1, 149.4, 1, 1, 0., 0.005, 8.681, 0.01, "homogen"}
{2015, 9, 27, 32, 32, 0, 0, 0, 1, 0.25, 10.134169850289656, 0, 2, 1, 148.81, 1, 1, 0., 0.002, 7.677, 0.01, "homogen"}
{2015, 9, 27, 32, 32, 0, 0, 0, 1, 0.25, 10.471975511965978, 0, 2, 1, 148.7485, 1, 1, 0., 0.002, 6.7555, 0.002, "homogen"}
{2015, 9, 27, 32, 32, 0, 0, 0, 1, 0.25, 10.833078115826874, 0, 2, 1, 149.5733, 1, 1, 0., 0.002, 5.9174, 0.001, "homogen"}
{2015, 9, 27, 32, 32, 0, 0, 0, 1, 0.25, 11.21997376282069, 0, 2, 1, 152.7485, 1, 1, 0., 0.01, 5.172, 0.005, "homogen"}
{2015, 9, 27, 32, 32, 0, 0, 0, 1, 0.25, 11.635528346628861, 0, 2, 1, 164, 1, 1, 0., 0.05, 4.54, 0.01, "homogen"}
{2015, 9, 27, 32, 32, 0, 0, 0, 1, 0.25, 12.083048667653049, 0, 2, 1, 229, 1, 1, 0., 0.5, 4.1, 0.5, "homogen"}
{2015, 9, 27, 32, 32, 0, 0, 0, 1, 0.25, 12.566370614359172, 0, 2, 1, 201.4514, 2, 1, 0., 0.001, 43.6, 0.5, "homogen"}
{2015, 9, 27, 32, 32, 0, 0, 0, 1, 0.25, 13.089969389957473, 0, 2, 1, 193.511, 2, 1, 0., 0.001, 37.8, 0.3, "homogen"}
{2015, 9, 27, 32, 32, 0, 0, 0, 1, 0.25, 13.659098493868665, 0, 2, 1, 185.9713, 2, 1, 0., 0.001, 32.68, 0.1, "homogen"}
{2015, 9, 27, 32, 32, 0, 0, 0, 1, 0.25, 14.279966607226333, 0, 2, 1, 178.8325, 2, 1, 0., 0.001, 27.95, 0.1, "homogen"}
{2015, 9, 27, 32, 32, 0, 0, 0, 1, 0.25, 14.959965017094254, 0, 2, 1, 172.1171, 2, 1, 0., 0.001, 23.7, 0.1, "homogen"}
{2015, 9, 28, 32, 32, 0, 0, 0, 2, 0.25, 3.6959913571644627, 0, 2, 1, 132.3088, 1, 1, 0., 0.001, 34.461, 0.01, "homogen"}
{2015, 9, 28, 32, 32, 0, 0, 0, 2, 0.25, 3.8079910952603555, 0, 2, 1, 131.9062, 1, 1, 0., 0.001, 31.225, 0.01, "homogen"}
{2015, 9, 28, 32, 32, 0, 0, 0, 2, 0.25, 3.9269908169872414, 0, 2, 1, 133.1894, 1, 1, 0., 0.001, 28.385, 0.01, "homogen"}
{2015, 9, 28, 32, 32, 0, 0, 0, 2, 0.25, 4.053667940115862, 0, 2, 1, 139.2705, 1, 1, 0., 0.002, 26.28, 0.05, "homogen"}
{2015, 9, 28, 32, 32, 0, 0, 0, 2, 0.25, 4.1887902047863905, 0, 2, 1, 417, 1, 1, -0.4, 0.3, 62, 1.5, "homogen"}
{2015, 9, 28, 32, 32, 0, 0, 0, 2, 0.25, 4.333231246330749, 0, 2, 1, 259.7, 2, 1, 0., 0.005, 240.2, 0.5, "homogen"}
{2015, 9, 28, 32, 32, 0, 0, 0, 2, 0.25, 4.487989505128276, 0, 2, 1, 240, 2, 1, 0., 0.2, 222, 5, "homogen"}
{2015, 9, 28, 32, 32, 0, 0, 0, 0.5, 0.25, 15.707963267948966, 0, 2, 1, 298.744, 1, 1, 0., 0.001, 18.3532, 0.001, "homogen"}
{2015, 9, 28, 32, 32, 0, 0, 0, 0.5, 0.25, 16.534698176788385, 0, 2, 1, 288.0446, 1, 1, 0., 0.001, 15.2596, 0.001, "homogen"}
{2015, 9, 28, 32, 32, 0, 0, 0, 0.5, 0.25, 17.453292519943293, 0, 2, 1, 278.3032, 1, 1, 0., 0.001, 12.5239, 0.001, "homogen"}
{2015, 9, 28, 32, 32, 0, 0, 0, 0.5, 0.25, 18.47995678582231, 0, 2, 1, 269.5194, 1, 1, 0., 0.001, 10.1205, 0.001, "homogen"}
{2015, 9, 28, 32, 32, 0, 0, 0, 0.5, 0.25, 19.634954084936208, 0, 2, 1, 260.9816, 1, 1, 0., 0.001, 8.01595, 0.001, "homogen"}
{2015, 9, 28, 32, 32, 0, 0, 0, 0.5, 0.25, 20.943951023931955, 0, 2, 1, 250.6515, 1, 1, 0., 0.001, 6.19175, 0.001, "homogen"}
{2015, 9, 28, 32, 32, 0, 0, 0, 0.5, 0.25, 22.43994752564138, 0, 2, 1, 237.9122, 1, 1, 0., 0.001, 4.68993, 0.001, "homogen"}
{2015, 9, 28, 32, 32, 0, 0, 0, 0.5, 0.25, 24.166097335306098, 0, 2, 1, 232.2683, 1, 1, 0., 0.001, 3.55971, 0.001, "homogen"}
{2015, 9, 28, 32, 32, 0, 0, 0, 0.5, 0.25, 26.179938779914945, 0, 2, 1, 360, 1, 1, -0.05, 0.1, 2.8, 0.2, "homogen"}
{2015, 9, 28, 32, 32, 0, 0, 0, 0.5, 0.25, 28.559933214452666, 0, 2, 1, 322.3304, 2, 1, 0., 0.001, 25.6762, 0.001, "homogen"}
{2015, 9, 28, 32, 32, 0, 0, 0, 0.5, 0.25, 31.41592653589793, 0, 2, 1, 298.7384, 2, 1, 0., 0.001, 18.3514, 0.001, "homogen"}
{2015, 9, 28, 32, 32, 0, 0, 0, 0.4, 0.25, 15.707963267948966, 0, 2, 1, 446.6784, 1, 1, 0., 0.0001, 39.2711, 0.001, "homogen"}
{2015, 9, 28, 32, 32, 0, 0, 0, 0.4, 0.25, 16.534698176788385, 0, 2, 1, 425.5851, 1, 1, 0., 0.0001, 33.0355, 0.001, "homogen"}
{2015, 9, 28, 32, 32, 0, 0, 0, 0.4, 0.25, 17.453292519943293, 0, 2, 1, 405.5494, 1, 1, 0., 0.0001, 27.4625, 0.001, "homogen"}
{2015, 9, 28, 32, 32, 0, 0, 0, 0.4, 0.25, 18.47995678582231, 0, 2, 1, 386.5657, 1, 1, 0., 0.0001, 22.5183, 0.001, "homogen"}
{2015, 9, 28, 32, 32, 0, 0, 0, 0.4, 0.25, 19.634954084936208, 0, 2, 1, 368.7388, 1, 1, 0., 0.0001, 18.175, 0.001, "homogen"}
{2015, 9, 28, 32, 32, 0, 0, 0, 0.4, 0.25, 20.943951023931955, 0, 2, 1, 352.3581, 1, 1, 0., 0.0001, 14.4077, 0.001, "homogen"}
{2015, 9, 28, 32, 32, 0, 0, 0, 0.4, 0.25, 22.43994752564138, 0, 2, 1, 337.7471, 1, 1, 0., 0.0001, 11.1811, 0.01, "homogen"}
{2015, 9, 28, 32, 32, 0, 0, 0, 0.4, 0.25, 24.166097335306098, 0, 2, 1, 324.2064, 1, 1, 0., 0.0001, 8.4391, 0.001, "homogen"}
{2015, 9, 28, 32, 32, 0, 0, 0, 0.4, 0.25, 26.179938779914945, 0, 2, 1, 307.812, 1, 1, 0., 0.0001, 6.13339, 0.001, "homogen"}
{2015, 9, 28, 32, 32, 0, 0, 0, 0.4, 0.25, 28.559933214452666, 0, 2, 1, 287.4655, 1, 1, 0., 0.0001, 4.3336, 0.001, "homogen"}
{2015, 9, 28, 32, 32, 0, 0, 0, 0.4, 0.25, 31.41592653589793, 0, 2, 1, 290.0387, 1, 1, 0., 0.001, 3.09594, 0.001, "homogen"}
{2015, 9, 28, 32, 32, 0, 0, 0, 0.3, 0.25, 15.707963267948966, 0, 2, 1, 793.9121, 1, 1, 0., 0.001, 99.93, 0.01, "homogen"}
{2015, 9, 28, 32, 32, 0, 0, 0, 0.3, 0.25, 16.534698176788385, 0, 2, 1, 749.0194, 1, 1, 0., 0.005, 85.5, 0.1, "homogen"}
{2015, 9, 28, 32, 32, 0, 0, 0, 0.3, 0.25, 17.453292519943293, 0, 2, 1, 715, 1, 1, 0., 0.2, 71.6, 0.3, "homogen"}
{2015, 9, 28, 32, 32, 0, 0, 0, 0.3, 0.25, 18.47995678582231, 0, 2, 1, 670.7799, 1, 1, 0., 0.002, 58.86, 0.01, "homogen"}
{2015, 9, 28, 32, 32, 0, 0, 0, 0.3, 0.25, 19.634954084936208, 0, 2, 1, 628.6358, 1, 1, 0., 0.001, 48.21, 0.03, "homogen"}
{2015, 9, 28, 32, 32, 0, 0, 0, 0.3, 0.25, 20.943951023931955, 0, 2, 1, 589.4172, 1, 1, 0., 0.001, 38.9, 0.01, "homogen"}
{2015, 9, 28, 32, 32, 0, 0, 0, 0.3, 0.25, 22.43994752564138, 0, 2, 1, 552.775, 1, 1, 0., 0.001, 30.84, 0.01, "homogen"}
{2015, 9, 28, 32, 32, 0, 0, 0, 0.3, 0.25, 24.166097335306098, 0, 2, 1, 518.5338, 1, 1, 0., 0.001, 23.904, 0.005, "homogen"}
{2015, 9, 28, 32, 32, 0, 0, 0, 0.3, 0.25, 26.179938779914945, 0, 2, 1, 486.8325, 1, 1, 0., 0.001, 18.037, 0.005, "homogen"}
{2015, 9, 28, 32, 32, 0, 0, 0, 0.3, 0.25, 28.559933214452666, 0, 2, 1, 458.4312, 1, 1, 0., 0.001, 13.1793, 0.005, "homogen"}
{2015, 9, 28, 32, 32, 0, 0, 0, 0.3, 0.25, 31.41592653589793, 0, 2, 1, 433.6153, 1, 1, 0., 0.001, 9.239, 0.005, "homogen"}
{2015, 9, 28, 32, 32, 0, 0, 0, 1.4, 0.25, 5.711986642890532, 0, 2, 1, 134.2755, 1, 1, 0., 0.001, 20.6383, 0.005, "homogen"}
{2015, 9, 28, 32, 32, 0, 0, 0, 1.4, 0.25, 5.817764173314431, 0, 2, 1, 132.9532, 1, 1, 0., 0.001, 19.3027, 0.005, "homogen"}
{2015, 9, 28, 32, 32, 0, 0, 0, 1.4, 0.25, 5.927533308659986, 0, 2, 1, 131.7712, 1, 1, 0., 0.001, 18.0284, 0.005, "homogen"}
{2015, 9, 28, 32, 32, 0, 0, 0, 1.4, 0.25, 6.0415243338265245, 0, 2, 1, 130.7584, 1, 1, 0., 0.001, 16.8161, 0.005, "homogen"}
{2015, 9, 28, 32, 32, 0, 0, 0, 1.4, 0.25, 2*Pi, 0, 2, 1, 129.4171, 1, 1, 0., 0.001, 14.577, 0.001, "homogen"}
{2015, 9, 28, 32, 32, 0, 0, 0, 1.4, 0.25, 6.41141357875468, 0, 2, 1, 129.2332, 1, 1, 0., 0.001, 13.5454, 0.005, "homogen"}
{2015, 9, 28, 32, 32, 0, 0, 0, 1.4, 0.25, 6.544984694978736, 0, 2, 1, 129.5484, 1, 1, 0., 0.001, 12.585, 0.005, "homogen"}
{2015, 9, 28, 32, 32, 0, 0, 0, 1.4, 0.25, 6.684239688488922, 0, 2, 1, 130.6427, 1, 1, 0., 0.001, 11.6947, 0.005, "homogen"}
{2015, 9, 28, 32, 32, 0, 0, 0, 1.4, 0.25, 6.684239688488922, 0, 2, 1, 133.2115, 1, 1, 0., 0.002, 10.893, 0.005, "homogen"}
{2015, 9, 28, 32, 32, 0, 0, 0, 1.4, 0.25, 6.981317007977318, 0, 2, 1, 140.5, 1, 1, 0., 0.02, 10.289, 0.005, "homogen"}
{2015, 9, 28, 32, 32, 0, 0, 0, 1.4, 0.25, 7.139983303613167, 0, 2, 1, 240, 2, 1, 5., 5, 90, 80, "homogen"}
{2015, 9, 28, 32, 32, 0, 0, 0, 1.4, 0.25, 7.306029426953008, 0, 2, 1, 204.09, 2, 1, 0., 0.005, 99.5, 0.5, "homogen"}
{2015, 9, 28, 32, 32, 0, 0, 0, 1.5, 0.25, 5.711986642890532, 0, 2, 1, 127.7574, 1, 1, 0., 0.005, 16.5768, 0.01, "homogen"}
{2015, 9, 28, 32, 32, 0, 0, 0, 1.5, 0.25, 5.817764173314431, 0, 2, 1, 127.5635, 1, 1, 0., 0.005, 15.54, 0.01, "homogen"}
{2015, 9, 28, 32, 32, 0, 0, 0, 1.5, 0.25, 5.927533308659986, 0, 2, 1, 127.7902, 1, 1, 0., 0.005, 14.5545, 0.001, "homogen"}
{2015, 9, 28, 32, 32, 0, 0, 0, 1.5, 0.25, 6.0415243338265245, 0, 2, 1, 128.653, 1, 1, 0., 0.005, 13.631, 0.001, "homogen"}
{2015, 9, 28, 32, 32, 0, 0, 0, 1.5, 0.25, 6.159985595274104, 0, 2, 1, 130.6332, 1, 1, 0., 0.005, 12.7934, 0.001, "homogen"}
{2015, 9, 28, 32, 32, 0, 0, 0, 1.5, 0.25, 2*Pi, 0, 2, 1, 135.3831, 1, 1, 0., 0.005, 12.1095, 0.001, "homogen"}
{2015, 9, 28, 32, 32, 0, 0, 0, 1.5, 0.25, 6.41141357875468, 0, 2, 1, 190, 1, 1, -0.5, 0.4, 12.6, 0.5, "homogen"}
{2015, 9, 28, 32, 32, 0, 0, 0, 1.5, 0.25, 6.544984694978736, 0, 2, 1, 209.2721, 1, 1, -0.9, 0.2, 13.68, 0.5, "homogen"}
{2015, 9, 28, 32, 32, 0, 0, 0, 1.5, 0.25, 6.544984694978736, 0, 2, 1, 209.2721, 2, 1, 0., 0.05, 118, 2, "homogen"}
{2015, 9, 28, 32, 32, 0, 0, 0, 1.5, 0.25, 6.684239688488922, 0, 2, 1, 202.9875, 2, 1, 0., 0.0005, 109.95, 0.1, "homogen"}
{2015, 9, 28, 32, 32, 0, 0, 0, 1.5, 0.25, 6.829549246934333, 0, 2, 1, 197.3906, 2, 1, 0., 0.005, 102.494, 0.1, "homogen"}
{2015, 9, 28, 32, 32, 0, 0, 0, 1.5, 0.25, 6.981317007977318, 0, 2, 1, 192.4, 2, 1, 0., 0.005, 95.5, 0.1, "homogen"}
{2015, 9, 28, 32, 32, 0, 0, 0, 1.5, 0.25, 7.139983303613167, 0, 2, 1, 187.8177, 2, 1, 0., 0.05, 89, 0.5, "homogen"}
{2015, 9, 28, 32, 32, 0, 0, 0, 1.5, 0.25, 7.306029426953008, 0, 2, 1, 184, 2, 1, 0., 0.1, 83, 0.5, "homogen"}
{2015, 9, 28, 32, 32, 0, 0, 0, 1.2, 0.25, 6.981317007977318, 0, 2, 1, 142.9, 1, 1, 0., 0.1, 16.5, 0.5, "homogen"}
{2015, 9, 28, 32, 32, 0, 0, 0, 1.2, 0.25, 7.222052077217914, 0, 2, 1, 139.144, 1, 1, 0., 0.01, 14.533, 0.01, "homogen"}
{2015, 9, 28, 32, 32, 0, 0, 0, 1.2, 0.25, 7.479982508547127, 0, 2, 1, 137.371, 1, 1, 0., 0.002, 12.761, 0.05, "homogen"}
{2015, 9, 28, 32, 32, 0, 0, 0, 1.2, 0.25, 7.757018897752575, 0, 2, 1, 136.3696, 1, 1, 0., 0.002, 11.151, 0.01, "homogen"}
{2015, 9, 28, 32, 32, 0, 0, 0, 1.2, 0.25, 8.055365778435366, 0, 2, 1, 136.4398, 1, 1, 0., 0.002, 9.69283, 0.001, "homogen"}
{2015, 9, 28, 32, 32, 0, 0, 0, 1.2, 0.25, 8.377580409572781, 0, 2, 1, 138.2585, 1, 1, 0., 0.01, 8.387, 0.01, "homogen"}
{2015, 9, 28, 32, 32, 0, 0, 0, 1.2, 0.25, 8.726646259971647, 0, 2, 1, 143.7791, 1, 1, 0., 0.05, 7.246, 0.01, "homogen"}
{2015, 9, 28, 32, 32, 0, 0, 0, 1.2, 0.25, 9.106065662579113, 0, 2, 1, 161, 1, 1, -0.1, 0.05, 6.32, 0.01, "homogen"}
{2015, 9, 28, 32, 32, 0, 0, 0, 1.2, 0.25, 9.519977738150889, 0, 2, 1, 272, 1, 1, -0.1, 1, 6.8, 0.5, "homogen"}
{2015, 9, 28, 32, 32, 0, 0, 0, 1.2, 0.25, 9.973310011396167, 0, 2, 1, 187.6812, 2, 1, 0., 0.01, 54.3, 0.1, "homogen"}
{2015, 9, 28, 32, 32, 0, 0, 0, 0.5, 0.25, 23.62099739541198, 0, 2, 1, 371, 1, 1, 0.02, 0.01, 4.495, 0.1, "homogen"}
{2015, 9, 28, 32, 32, 0, 0, 0, 0.5, 0.25, 23.981623309845748, 0, 2, 1, 232.194, 1, 1, 0., 0.2, 4, 1, "homogen"}
{2015, 9, 28, 32, 32, 0, 0, 0, 0.5, 0.25, 24.35343142317669, 0, 2, 1, 232.9097, 1, 1, 0., 0.001, 3.46779, 0.001, "homogen"}
{2015, 9, 28, 32, 32, 0, 0, 0, 0.5, 0.25, 24.736950028266087, 0, 2, 1, 235.4435, 1, 1, 0., 0.1, 3, 1, "homogen"}
{2015, 9, 28, 32, 32, 0, 0, 0, 0.5, 0.25, 25.541403687721896, 0, 2, 1, 250.7383, 1, 1, 0., 0.001, 2.9625, 0.01, "homogen"}
{2015, 9, 28, 32, 32, 0, 0, 0, 0.5, 0.25, 25.963575649502424, 0, 2, 1, 286, 1, 1, -0.5, 0.4, 2.9625, 0.01, "homogen"}
{2015, 9, 28, 32, 32, 0, 0, 0, 0.5, 0.25, 26.39993826546045, 0, 2, 1, 345.6028, 2, 1, 0.0, 0.001, 33.36, 0.1, "homogen"}
{2015, 9, 28, 32, 32, 0, 0, 0, 0.5, 0.25, 26.851219261451224, 0, 2, 1, 340.2596, 2, 1, 0.1, 0.4, 30, 20, "homogen"}
{2015, 9, 28, 32, 32, 0, 0, 0, 0.4, 0.25, 33.06939635357677, 0, 2, 1, 425.6116, 2, 1, 0.0, 0.01, 33.4, 0.2, "homogen"}
{2015, 9, 28, 32, 32, 0, 0, 0, 0.4, 0.25, 34.906585039886586, 0, 2, 1, 405.5419, 2, 1, 0., 0.01, 27.46, 0.1, "homogen"}
{2015, 9, 28, 32, 32, 0, 0, 0, 0.3, 0.25, 25.132741228718345, 0, 2, 1, 502.3379, 1, 1, 0., 0.0001, 20.841, 0.01, "homogen"}
{2015, 9, 28, 32, 32, 0, 0, 0, 0.3, 0.25, 27.31819698773733, 0, 2, 1, 472.1504, 1, 1, 0., 0.0001, 15.4866, 0.001, "homogen"}
{2015, 9, 28, 32, 32, 0, 0, 0, 0.3, 0.25, 29.919930034188507, 0, 2, 1, 445.7188, 1, 1, 0., 0.0001, 11.1032, 0.001, "homogen"}
{2015, 9, 28, 32, 32, 0, 0, 0, 0.3, 0.25, 33.06939635357677, 0, 2, 1, 420.7946, 1, 1, 0., 0.0001, 7.56842, 0.001, "homogen"}
{2015, 9, 28, 32, 32, 0, 0, 0, 0.3, 0.25, 36.95991357164462, 0, 2, 1, 385.6361, 1, 1, 0., 0.0001, 4.8332, 0.001, "homogen"}
{2015, 9, 28, 32, 32, 0, 0, 0, 0.3, 0.25, 41.88790204786391, 0, 2, 1, 377.3059, 1, 1, 0., 0.0002, 3.07742, 0.001, "homogen"}
{2015, 9, 28, 32, 32, 0, 0, 0, 0.3, 0.25, 48.332194670612196, 0, 2, 1, 518.5265, 2, 1, 0., 0.002, 23.9, 0.02, "homogen"}
{2015, 9, 28, 32, 32, 0, 0, 0, 0.3, 0.25, 57.11986642890533, 0, 2, 1, 458.4266, 2, 1, 0., 0.002, 13.1778, 0.001, "homogen"}
{2015, 10, 1, 32, 32, 0, 0, 0, 0.3, 0.25, 38.54714912380114, 0, 2, 1, 374.0758, 1, 1, 0., 0.0001, 4.1105, 0.0001, "homogen"}
{2015, 10, 1, 32, 32, 0, 0, 0, 0.3, 0.25, 39.269908169872416, 0, 2, 1, 370.9525, 1, 1, 0., 0.0001, 3.83962, 0.0001, "homogen"}
{2015, 10, 1, 32, 32, 0, 0, 0, 0.3, 0.25, 40.0202885807617, 0, 2, 1, 369.5745, 1, 1, 0., 0.0001, 3.58979, 0.0001, "homogen"}
{2015, 10, 1, 32, 32, 0, 0, 0, 0.3, 0.25, 40.79990459207524, 0, 2, 1, 370.5460, 1, 1, 0., 0.0001, 3.35898, 0.0001, "homogen"}
{2015, 10, 1, 32, 32, 0, 0, 0, 0.3, 0.25, 41.61049872304362, 0, 2, 1, 374.8419, 1, 1, 0., 0.0001, 3.14518, 0.0001, "homogen"}
{2015, 10, 1, 32, 32, 0, 0, 0, 0.3, 0.25, 42.45395477824045, 0, 2, 1, 384.5223, 1, 1, 0., 0.0001, 2.94693, 0.0001, "homogen"}
{2015, 10, 1, 32, 32, 0, 0, 0, 0.3, 0.25, 43.332312463307495, 0, 2, 1, 406.5374, 1, 1, 0., 0.0005, 2.76527, 0.0001, "homogen"}
{2015, 10, 1, 32, 32, 0, 0, 0, 0.3, 0.25, 44.24778385337737, 0, 2, 1, 559.8877, 2, 1, 0., 0.001, 32.36, 0.05, "homogen"}
{2015, 10, 1, 32, 32, 0, 0, 0, 0.3, 0.25, 45.20277199409774, 0, 2, 1, 549.2358, 2, 1, 0., 0.0001, 30.1808, 0.001, "homogen"}
{2015, 10, 1, 32, 32, 0, 0, 0, 0.3, 0.25, 46.19989196455578, 0, 2, 1, 538.7834, 2, 1, 0., 0.001, 27.929, 0.01, "homogen"}
{2015, 10, 1, 32, 32, 0, 0, 0, 2.1, 0.25, 2.6179938779914944, 0, 2, 1, 166.7, 1, 1, 0., 0.01, 101.3, 0.05, "homogen"}
{2015, 10, 1, 32, 32, 0, 0, 0, 2.1, 0.25, 2.6736958753955684, 0, 2, 1, 163, 1, 1, 0., 0.1, 94, 1, "homogen"}
{2015, 10, 1, 32, 32, 0, 0, 0, 2.1, 0.25, 2.7318196987737333, 0, 2, 1, 161, 1, 1, 0., 0.2, 86, 5, "homogen"}
{2015, 10, 1, 32, 32, 0, 0, 0, 2.1, 0.25, 2.792526803190927, 0, 2, 1, 158, 1, 1, 0., 0.2, 77, 2, "homogen"}
{2015, 10, 1, 32, 32, 0, 0, 0, 2.1, 0.25, 2.855993321445266, 0, 2, 1, 153.9, 1, 1, 0., 0.01, 74.03, 0.1, "homogen"}
{2015, 10, 1, 32, 32, 0, 0, 0, 2.1, 0.25, 2.9224117707812027, 0, 2, 1, 150.36, 1, 1, 0., 0.01, 68.4, 0.1, "homogen"}
{2015, 10, 1, 32, 32, 0, 0, 0, 2.1, 0.25, 2.9919930034188504, 0, 2, 1, 146.993, 1, 1, 0., 0.001, 62.98, 0.01, "homogen"}
{2015, 10, 1, 32, 32, 0, 0, 0, 2.1, 0.25, 3.0649684425266277, 0, 2, 1, 143.9101, 1, 1, 0., 0.001, 57.914, 0.01, "homogen"}
{2015, 10, 1, 32, 32, 0, 0, 0, 2.1, 0.25, Pi, 0, 2, 1, 141.1361, 1, 1, 0., 0.0001, 53.158, 0.01, "homogen"}
{2015, 10, 1, 32, 32, 0, 0, 0, 2.1, 0.25, 3.2221463113741473, 0, 2, 1, 138.7092, 1, 1, 0., 0.0001, 48.718, 0.01, "homogen"}
{2015, 10, 1, 32, 32, 0, 0, 0, 2.1, 0.25, 3.306939635357677, 0, 2, 1, 136.6932, 1, 1, 0., 0.0001, 44.59, 0.01, "homogen"}
{2015, 10, 1, 32, 32, 0, 0, 0, 2.1, 0.25, 3.3963163822592355, 0, 2, 1, 135.199, 1, 1, 0., 0.0001, 40.761, 0.01, "homogen"}
{2015, 10, 1, 32, 32, 0, 0, 0, 2.1, 0.25, 3.490658503988659, 0, 2, 1, 134.4337, 1, 1, 0., 0.0001, 37.242, 0.01, "homogen"}
{2015, 10, 1, 32, 32, 0, 0, 0, 2.1, 0.25, 3.5903916041026207, 0, 2, 1, 134.8383, 1, 1, 0., 0.0001, 34.09, 0.01, "homogen"}
{2015, 10, 1, 32, 32, 0, 0, 0, 2.1, 0.25, 3.6959913571644627, 0, 2, 1, 137.638, 1, 1, 0., 0.0001, 31.446, 0.01, "homogen"}
{2015, 10, 1, 32, 32, 0, 0, 0, 2.1, 0.25, 3.8079910952603555, 0, 2, 1, 150.8, 1, 1, 0., 0.05, 30.39, 0.01, "homogen"}
{2015, 10, 1, 32, 32, 0, 0, 0, 2.1, 0.25, 3.9269908169872414, 0, 2, 1, 400.8206, 1, 1, 0., 0.05, 65, 0.5, "homogen"}
{2015, 10, 1, 32, 32, 0, 0, 0, 2.1, 0.25, 4.053667940115862, 0, 2, 1, 273.2691, 2, 1, 0., 0.005, 273.6, 0.5, "homogen"}
{2015, 10, 1, 32, 32, 0, 0, 0, 2.1, 0.25, 4.1887902047863905, 0, 2, 1, 252, 2, 1, 0., 0.1, 244, 5, "homogen"}
{2015, 10, 2, 32, 32, 0, 0, 0, 0.4, 0.25, 26.179938779914945, 0, 2, 1, 314.9, 1, 1, 0.1, 0.05, 6.48, 0.5, "homogen"}
{2015, 10, 2, 32, 32, 0, 0, 0, 0.4, 0.25, 26.736958753955687, 0, 2, 1, 302.708, 1, 1, 0., 0.01, 5.6298, 0.01, "homogen"}
{2015, 10, 2, 32, 32, 0, 0, 0, 0.4, 0.25, 27.31819698773733, 0, 2, 1, 297.3511, 1, 1, 0., 0.001, 5.1608, 0.01, "homogen"}
{2015, 10, 2, 32, 32, 0, 0, 0, 0.4, 0.25, 27.925268031909273, 0, 2, 1, 292.1085, 1, 1, 0., 0.001, 4.72828, 0.001, "homogen"}
{2015, 10, 2, 32, 32, 0, 0, 0, 0.4, 0.25, 28.559933214452666, 0, 2, 1, 287.4775, 1, 1, 0., 0.001, 4.3337, 0.001, "homogen"}
{2015, 10, 2, 32, 32, 0, 0, 0, 0.4, 0.25, 29.22411770781203, 0, 2, 1, 284.0604, 1, 1, 0., 0.001, 3.9763, 0.001, "homogen"}
{2015, 10, 2, 32, 32, 0, 0, 0, 0.4, 0.25, 29.919930034188507, 0, 2, 1, 282.557, 1, 1, 0., 0.001, 3.6532, 0.001, "homogen"}
{2015, 10, 2, 32, 32, 0, 0, 0, 0.4, 0.25, 30.649684425266273, 0, 2, 1, 283.9077, 1, 1, 0., 0.001, 3.43, 0.01, "homogen"}
{2015, 10, 2, 32, 32, 0, 0, 0, 0.4, 0.25, 31.41592653589793, 0, 2, 1, 289.8371, 1, 1, 0., 0.002, 3.094, 0.01, "homogen"}
{2015, 10, 2, 32, 32, 0, 0, 0, 0.4, 0.25, 32.221463113741464, 0, 2, 1, 304.9727, 1, 1, 0., 0.02, 2.85564, 0.01, "homogen"}
{2015, 10, 2, 32, 32, 0, 0, 0, 0.4, 0.25, 33.06939635357677, 0, 2, 1, 350, 1, 1, -0.04, 0.1, 2.6601, 0.01, "homogen"}
{2015, 10, 2, 32, 32, 0, 0, 0, 0.4, 0.25, 33.96316382259236, 0, 2, 1, 415.95, 2, 1, 0., 0.02, 30.2, 0.5, "homogen"}
{2015, 10, 2, 32, 32, 0, 0, 0, 0.4, 0.25, 34.906585039886586, 0, 2, 1, 405.5426, 2, 1, 0., 0.001, 27.458, 0.02, "homogen"}
{2015, 10, 2, 32, 32, 0, 0, 0, 0.4, 0.25, 35.90391604102621, 0, 2, 1, 395.9167, 2, 1, 0., 0.001, 24.905, 0.005, "homogen"}
{2015, 10, 2, 32, 32, 0, 0, 0, 0.4, 0.25, 36.95991357164462, 0, 2, 1, 386.5598, 2, 1, 0., 0.001, 22.515, 0.005, "homogen"}
{2015, 10, 2, 32, 32, 0, 0, 0, 0.4, 0.25, 38.079910952603555, 0, 2, 1, 377.4889, 2, 1, 0., 0.001, 20.27, 0.005, "homogen"}
{2015, 10, 2, 32, 32, 0, 0, 0, 0.4, 0.25, 39.269908169872416, 0, 2, 1, 368.7337, 2, 1, 0., 0.001, 18.174, 0.005, "homogen"}
{2015, 10, 2, 32, 32, 0, 0, 0, 1.1, 0.25, 8.159980918415046, 0, 2, 1, 144.295, 1, 1, 0., 0.01, 12.4529, 0.01, "homogen"}
{2015, 10, 2, 32, 32, 0, 0, 0, 1.1, 0.25, 8.191897401798679, 0, 2, 1, 144.0085, 1, 1, 0., 0.001, 12.2649, 0.01, "homogen"}
{2015, 10, 2, 32, 32, 0, 0, 0, 1.1, 0.25, 8.224064538193176, 0, 2, 1, 143.8114, 1, 1, 0., 0.001, 12.087, 0.01, "homogen"}
{2015, 10, 2, 32, 32, 0, 0, 0, 1.1, 0.25, 8.256485291957405, 0, 2, 1, 143.6222, 1, 1, 0., 0.001, 11.911, 0.01, "homogen"}
{2015, 10, 2, 32, 32, 0, 0, 0, 1.1, 0.25, 8.289162674379401, 0, 2, 1, 143.4405, 1, 1, 0., 0.001, 11.736, 0.01, "homogen"}
{2015, 10, 2, 32, 32, 0, 0, 0, 1.1, 0.25, 8.322099744608725, 0, 2, 1, 143.2664, 1, 1, 0., 0.001, 11.564, 0.001, "homogen"}
{2015, 10, 2, 32, 32, 0, 0, 0, 1.1, 0.25, 8.355299610611151, 0, 2, 1, 143.1006, 1, 1, 0., 0.001, 11.3933, 0.001, "homogen"}
{2015, 10, 2, 32, 32, 0, 0, 0, 1.1, 0.25, 8.38876543014631, 0, 2, 1, 142.9429, 1, 1, 0., 0.001, 11.224, 0.001, "homogen"}
{2015, 10, 2, 32, 32, 0, 0, 0, 1.1, 0.25, 8.422500411768882, 0, 2, 1, 142.7936, 1, 1, 0., 0.001, 11.0569, 0.001, "homogen"}
{2015, 10, 2, 32, 32, 0, 0, 0, 1.1, 0.25, 8.456507815854087, 0, 2, 1, 142.6531, 1, 1, 0., 0.001, 10.8909, 0.001, "homogen"}
{2015, 10, 2, 32, 32, 0, 0, 0, 1.1, 0.25, 8.49079095564809, 0, 2, 1, 142.5215, 1, 1, 0., 0.001, 10.727, 0.001, "homogen"}
{2015, 10, 2, 32, 32, 0, 0, 0, 1.1, 0.25, 8.52535319834408, 0, 2, 1, 142.3992, 1, 1, 0., 0.001, 10.564, 0.001, "homogen"}
{2015, 10, 2, 32, 32, 0, 0, 0, 1.1, 0.25, 8.560197966184724, 0, 2, 1, 142.2866, 1, 1, 0., 0.001, 10.404, 0.001, "homogen"}
{2015, 10, 2, 32, 32, 0, 0, 0, 1.1, 0.25, 8.595328737591775, 0, 2, 1, 142.1839, 1, 1, 0., 0.001, 10.2457, 0.001, "homogen"}
{2015, 10, 2, 32, 32, 0, 0, 0, 1.1, 0.25, 8.630749048323608, 0, 2, 1, 142.0914, 1, 1, 0., 0.001, 10.088, 0.001, "homogen"}
{2015, 10, 2, 32, 32, 0, 0, 0, 1.1, 0.25, 8.666462492661498, 0, 2, 1, 142.0095, 1, 1, 0., 0.001, 9.931, 0.001, "homogen"}
{2015, 10, 2, 32, 32, 0, 0, 0, 1.1, 0.25, 8.702472724625466, 0, 2, 1, 141.9387, 1, 1, 0., 0.001, 9.778, 0.001, "homogen"}
{2015, 10, 2, 32, 32, 0, 0, 0, 1.1, 0.25, 8.738783459220565, 0, 2, 1, 141.8794, 1, 1, 0., 0.001, 9.626, 0.001, "homogen"}
{2015, 10, 2, 32, 32, 0, 0, 0, 1.1, 0.25, 8.775398473714505, 0, 2, 1, 141.8319, 1, 1, 0., 0.001, 9.475, 0.001, "homogen"}
{2015, 10, 2, 32, 32, 0, 0, 0, 1.1, 0.25, 8.812321608947526, 0, 2, 1, 141.7971, 1, 1, 0., 0.001, 9.327, 0.001, "homogen"}
{2015, 10, 2, 32, 32, 0, 0, 0, 1.1, 0.25, 8.849556770675475, 0, 2, 1, 141.7752, 1, 1, 0., 0.001, 9.1798, 0.001, "homogen"}
{2015, 10, 2, 32, 32, 0, 0, 0, 1.1, 0.25, 8.887107930947082, 0, 2, 1, 141.7671, 1, 1, 0., 0.001, 9.034, 0.001, "homogen"}
{2015, 10, 2, 32, 32, 0, 0, 0, 1.1, 0.25, 8.924979129516458, 0, 2, 1, 141.7736, 1, 1, 0., 0.001, 8.89, 0.001, "homogen"}
