"{year, month, day, Nxz, Re, r/R, gamma, F(r), Coriolis, shift, mvx, \[Delta]mvx, mvy, \[Delta]mvy, mvz, \[Delta]mvz, Evx, \[Delta]Evx, Evy, \[Delta]Evy, Evz, \[Delta]Evz, m\[Psi], \[Delta]m\[Psi]}, comment"
{2009, 1, 28, 100, 1, 0, 0.0001, "dp", 0, 0, 0., 0, 1.0000641169999993, 1.e-13, 0., 0, 0., 0, 0.2620072789999998, 1.e-13, 0., 0, 0, 0, "ErrScale 1e-4"}
{2009, 1, 28, 100, 1, 0.1, 0.0001, "dp", 0, -0.012423566212872718, 0.0013860005759396847, 3.e-9, 0.9987350047999988, 1.e-13, 0.0006884377668598665, 1.e-8, 2.6765155287444236e-7, 5.e-13, 0.2614073508000001, 5.e-15, 8.962478915671676e-8, 5.e-13, 0.00038957470399999703, 0.00005175525199999946, "ErrScale 1e-4"}
{2009, 1, 28, 100, 1, 0.2, 0.0001, "dp", 0, -0.0750194652927477, 0.0027960925484854337, 1.e-8, 1.0019349079736561, 2.e-11, 0.0014847628958966667, 2.e-8, 1.0769525565555817e-6, 3.e-12, 0.26057594411783574, 5.e-12, 3.616124895036452e-7, 3.e-12, 0.0008022992999999941, 0.00016755603999999856, "ErrScale 1e-4"}
{2009, 1, 28, 100, 1, 0.3, 0.0001, "dp", 0, -0.08713077943138556, 0.004149844421570001, 2.2999999999999998e-8, 0.9944561666709454, 5.e-9, 0.0023167271847031605, 1.e-8, 2.3640456012477998e-6, 2.e-12, 0.2568207563281582, 9.e-10, 8.095264357987868e-7, 1.e-12, 0.0012187407999999906, 0.00035295393999999725, "ErrScale 1e-4"}
{2009, 1, 28, 100, 1, 0.4, 0.0001, "dp", 0, -0.1534141414860951, 0.0057002177290515965, 2.e-8, 1.0070536293592776, 3.e-9, 0.0034139729421066665, 1.e-8, 4.32285798099048e-6, 5.e-12, 0.25599809781739397, 2.e-10, 1.4866377134366664e-6, 5.e-12, 0.0017105390499999869, 0.0006331676839999939, "ErrScale 1e-4"}
{2009, 1, 28, 100, 1, 0.5, 0.0001, "dp", 0, -0.16307727251981705, 0.006963897031755044, 4.e-8, 0.9914576610158286, 3.e-9, 0.00441360177825027, 2.e-8, 6.409359776526237e-6, 1.e-12, 0.2485373695498142, 2.e-9, 2.2883251589659574e-6, 2.e-12, 0.0021471154399999833, 0.000973611399999991, "ErrScale 1e-4"}
{2009, 1, 29, 128, 10, 0, 0.0001, "dp", 0, 0, 0., 0, 1.089010127011359, 0.02, 0, 0, 0., 0, 0.30566698460433794, 0.01, 0., 0, 0, 0, "ErrScale 1e-4"}
{2009, 1, 29, 128, 10, 0.1, 0.0001, "dp", 0, -0.029041683794058398, 0.013880875152893529, 7.e-8, 0.9993037749864769, 2.e-6, 0.006933142315011237, 2.e-7, 0.000026747667683714605, 2.e-10, 0.261273130896995, 7.e-7, 8.929092428370318e-6, 7.e-11, 0.003894208769687499, 0.0004607855624999995, "ErrScale 1e-4"}
{2009, 1, 29, 128, 10, 0.2, 0.0001, "dp", 0, -0.03354122839275727, 0.02734891067715666, 0.0001, 0.9911546594618053, 6.e-7, 0.014303808927846494, 0.0004, 0.000103843705264617, 5.e-7, 0.25786214830308934, 6.e-6, 0.00003507199512239999, 2.e-7, 0.007859975495137502, 0.0015753882812500034, "ErrScale 1e-4"}
{2009, 1, 29, 128, 10, 0.3, 0.0001, "dp", 0, -0.08941399967544619, 0.04135173617197517, 0.00001, 0.9925489180386113, 1.e-7, 0.02308454349530956, 0.00003, 0.00023322798079363912, 7.e-9, 0.255714821904999, 5.e-8, 0.00007900123953423911, 7.e-9, 0.012151597873574999, 0.003422907343749999, "ErrScale 1e-4"}
{2009, 1, 29, 128, 10, 0.4, 0.0001, "dp", 0, -0.12127631232827994, 0.054801554013440244, 6.e-6, 0.9866623172038743, 1.e-6, 0.032472809519496534, 0.00001, 0.00040318906239607944, 3.e-8, 0.25088256577948226, 7.e-7, 0.00013841407156106765, 5.e-9, 0.016497281724674993, 0.006009556718749993, "ErrScale 1e-4"}
{2009, 1, 29, 128, 10, 0.5, 0.0001, "dp", 0, -0.15485320432630267, 0.06793403076244958, 8.e-6, 0.9788865449420637, 0.00004, 0.04289809279776781, 0.00001, 0.0006066961544698033, 2.e-7, 0.24460289247096395, 0.00002, 0.0002121019531252323, 5.e-8, 0.020987516728799997, 0.009404331250000005, "ErrScale 1e-4"}
{2009, 2, 2, 128, 20, 0, 0.0001, "dp", 0, 0, 0., 0, 1.0000470203077765, 3.e-7, 0., 0, 0., 0, 0.26193248839975447, 7.e-8, 0., 0, 0, 0, "ErrScale 1e-4"}
{2009, 2, 2, 128, 30, 0, 0.0001, "dp", 0, 0, 0., 0, 1.0000864663122053, 0.00003, 0., 0, 0., 0, 0.2619482602749669, 0.00001, 0., 0, 0, 0, "ErrScale 1e-4"}
{2009, 2, 3, 128, 30, 0.1, 0.0001, "dp", 0, 0.034179687499997634, 0.04033871703600531, 6.e-7, 0.9862067309437652, 3.e-6, 0.019722672113362132, 2.e-7, 0.0002276133140983624, 5.e-9, 0.2571446640639105, 2.e-6, 0.00007597018006589189, 1.e-9, 0.011369484591749999, 0.0013693504687499972, "ErrScale 1e-4"}
{2009, 2, 3, 128, 30, 0.2, 0.0001, "dp", 0, 0.08017510339961038, 0.07326352552075496, 4.e-6, 0.9486092896921523, 1.e-7, 0.037145835212284414, 0.00001, 0.0007632509246634467, 4.e-8, 0.24325922978044187, 8.e-8, 0.000257647138497151, 8.e-8, 0.021283459610025, 0.0043333946875, "ErrScale 1e-4"}
{2009, 2, 3, 128, 30, 0.3, 0.0001, "dp", 0, 0.06404591965515656, 0.101358, 0.00005, 0.910724, 0.00002, 0.0545402, 0.0006, 0.001473111990470067, 1.e-6, 0.231812, 0.00001, 0.000498107, 1.e-6, 0.03036084130055, 0.0086890590625, "ErrScale 1e-4"}
{2009, 2, 3, 128, 30, 0.4, 0.0001, "dp", 0, 0.05930545704925701, 0.1218703135941767, 0.0001, 0.8675428163742456, 5.e-6, 0.06970802120670225, 0.0008, 0.00215264503656235, 2.e-6, 0.21748075655265323, 3.e-6, 0.0007361706061762011, 3.e-6, 0.0377329111407, 0.01392177531249997, "ErrScale 1e-4"}
{2009, 2, 3, 128, 30, 0.5, 0.0001, "dp", 0, 0.07382063144415417, 0.13242241670884872, 0.0001, 0.8176619003050503, 1.e-6, 0.08061947936418502, 0.0004, 0.0025929455251920016, 1.e-6, 0.19961350939030542, 3.e-6, 0.0009180723145468993, 2.e-6, 0.042620884555875, 0.019246131250000006, "ErrScale 1e-4"}
{2009, 2, 5, 128, 40, 0, 0.0001, "dp", 0, 0, 0., 0, 1.0000471619282711, 5.e-6, 0, 0, 0., 0, 0.2619325089051708, 7.e-8, 0., 0, 0, 0, "ErrScale 1e-4"}
{2009, 2, 3, 128, 40, 0.1, 0.0001, "dp", 0, 0.028720852928911404, 0.023031684759833342, 5.e-6, 0.7445159877653796, 3.e-7, 0.011275672964937452, 5.e-6, 0.00007411085777045943, 1.e-8, 0.14600868673089173, 6.e-7, 0.00002482826510016178, 9.e-9, 0.006482671801325, 0.0007770612500000015, "ErrScale 1e-4,wrong"}
{2009, 2, 6, 128, 40, 0.1, 0.0001, "dp", 0, 0.08400505010419827, 0.05178455031985711, 1.e-6, 0.9731803733451875, 1.e-6, 0.024965333943376623, 2.e-6, 0.0003785952535547322, 5.e-10, 0.2525741717958389, 5.e-7, 0.00012644503709154513, 2.e-9, 0.014633901118424997, 0.001787207187499998, "ErrScale 1e-4"}
{2009, 2, 7, 128, 40, 0.2, 0.0001, "dp", 0, 0.1308529588222877, 0.08960197247123068, 1.e-6, 0.9179135894858623, 7.5e-7, 0.04514350072119998, 1.e-6, 0.0011670263360233288, 5.e-9, 0.23415654602616254, 4.e-7, 0.0003919410729980808, 5.e-9, 0.026260465191625, 0.005392071093750007, "ErrScale 1e-4"}
{2009, 3, 12,128, 40, 0.1, 0.0001, "dp", 0, 0.08465629680340703, 0.05155727045062554, 0.00001, 0.9715041836007478, 0.00003, 0.024874813220433178, 8.e-6, 0.00037534091244204737, 8.e-8, 0.25175677987476885, 0.000015000000000000002, 0.00012535567183177417, 2.e-8, 0.014684735250249999, 0.0017936226562500057, "ErrScale 1e-4"}
{2009, 3, 12,128, 40, 0.2, 0.0001, "dp", 0, 0.152735494573456, 0.08771346611752635, 3.e-6, 0.9148454436832493, 2.e-7, 0.04394720889527272, 6.e-6, 0.0011214157300645014, 3.e-8, 0.23096807945702358, 8.e-8, 0.0003791777569773874, 5.e-8, 0.0257685202684, 0.005304735156250005, "ErrScale 1e-4"}
{2009, 3, 25, 128, 40, 0.3, 0.0001, "dp", 0, 0.14830476205445856, 0.11534540069781747, 3.e-7, 0.8601095998722004, 3.e-7, 0.06166040735692891, 2.e-7, 0.001988663866913053, 5.e-9, 0.21571358979003954, 2.e-7, 0.0006735046858120406, 2.e-9, 0.03510509562149999, 0.01014244468749999, "ErrScale 1e-4"}
{2009, 4, 14, 128, 40, 0.4, 0.0001, "dp", 0, 0.14803898059204723, 0.133340777701526, 0.0004, 0.8070869059138032, 9.e-6, 0.07630054908026657, 0.0003, 0.002716300778783366, 3.e-6, 0.19924737726602498, 5.e-6, 0.0009308398562069811, 3.e-6, 0.042150291267800004, 0.015666504687500003, "ErrScale 1e-4"}
{2009, 4, 14, 128, 40, 0.5, 0.0001, "dp", 0, 0.13662914768203874, 0.14623872720322606, 0.0009, 0.7597795878011889, 4.e-6, 0.09019603169554478, 0.0004, 0.003318660991470551, 7.e-6, 0.18470498047251313, 3.e-6, 0.0011556511454291708, 7.e-6, 0.04806159002220001, 0.021871537500000003, "ErrScale 1e-4"}
{2009, 2, 5, 128, 20, 0.1, 0.0001, "dp", 0, -0.004863171648524364, 0.027485962130784556, 4.e-6, 0.9948013344149479, 0.00005, 0.013610834419287761, 2.e-6, 0.00010512827464842914, 3.e-8, 0.25993809603446777, 0.00002, 0.000035087701578073175, 1.e-8, 0.007722155415499999, 0.0009200285937500008, "ErrScale 1e-4"}
{2009, 2, 16, 128, 20, 0.2, 0.0001, "dp", 0, -0.011932814574844472, 0.053388139241082745, 0.00001, 0.9801348415188276, 0.0001, 0.027740311706273516, 0.00001, 0.0003965754962342977, 3.e-7, 0.25441994779295024, 0.00006, 0.0001329961100953069, 9.e-8, 0.015383966190224996, 0.0030932554531249994, "ErrScale 1e-4"}
{2009, 2, 18, 128, 20, 0.3, 0.0001, "dp", 0, -0.02345963155094181, 0.0767697158479757, 2.e-7, 0.958927980065115, 6.e-7, 0.04202654251027587, 1.e-7, 0.0008189165978022315, 3.e-9, 0.24641531930679542, 3.e-7, 0.0002769065763036467, 1.e-9, 0.022698485626300002, 0.006437440296875006, "ErrScale 1e-4"}
{2009, 2, 18, 128, 20, 0.4, 0.0001, "dp", 0, -0.039013775280163414, 0.09715251247037826, 2.e-8, 0.9330200776524354, 5.e-8, 0.056339382513989296, 6.e-8, 0.001306683047256146, 5.e-10, 0.23648058844032702, 3.e-8, 0.00044723551886479025, 3.e-10, 0.029550524789525, 0.010825150468750008, "ErrScale 1e-4"}
{2009, 2, 18, 128, 20, 0.5, 0.0001, "dp", 0, -0.05985862335695947, 0.11463334788710469, 1.e-8, 0.9046513360194596, 3.e-8, 0.07082820101191077, 6.e-9, 0.001806001837259875, 3.e-10, 0.2254140160367282, 2.e-8, 0.0006285289774160201, 1.e-10, 0.03594404939515001, 0.01616643156249999, "ErrScale 1e-4"}
{2009, 2, 18, 128, 50, 0, 0.0001, "dp", 0, 0, 0., 0, 1.0000467538140043, 7.e-8, 0., 0, 0., 0, 0.2619323609628619, 3.e-8, 0., 0, 0, 0, "ErrScale 1e-4"}
{2009, 2, 18, 128, 50, 0.1, 0.0001, "dp", 0, 0.13899384829214131, 0.06107577516725475, 4.e-6, 0.9550742849873406, 0.000024, 0.02976923306732241, 2.e-6, 0.0005341925396667311, 7.e-8, 0.24582984662342447, 0.00001, 0.00017868892897297716, 2.e-8, 0.01737012790192501, 0.0021539659374999976, "ErrScale 1e-4"}
{2009, 2, 18, 128, 50, 0.2, 0.0001, "dp", 0, 0.1999916181582848, 0.09872264193921067, 8.e-7, 0.8807100375981497, 1.e-6, 0.04953036734296504, 2.e-6, 0.0014641078644330487, 2.e-8, 0.2212631903045716, 6.e-7, 0.0004932226062398192, 9.e-9, 0.02935132156985, 0.006100826203125, "ErrScale 1e-4"}
{2009, 2, 19, 128, 50, 0.3, 0.0001, "dp", 0, 0.21957845922830305, 0.12183708204929997, 0.00014, 0.8133117823474936, 3.e-8, 0.06551866071475379, 0.00005, 0.002322894614110631, 1.6e-6, 0.20054302837023272, 6.e-7, 0.0007897002577261894, 1.6e-6, 0.037820908193225006, 0.01102349500000004, "ErrScale 1e-4"}
{2009, 2, 19, 128, 50, 0.4, 0.0001, "dp", 0, 0.21969523690123835, 0.13707158402640635, 0.00003, 0.7559474214145954, 1.e-7, 0.07955648929515582, 0.0000545, 0.0030331993113320668, 3.e-8, 0.18360839015019348, 3.e-7, 0.001043818222433958, 3.e-8, 0.04437368259689999, 0.01660288750000002, "ErrScale 1e-4"}
{2009, 2, 19, 128, 60, 0, 0.0001, "dp", 0, 0, 0., 0, 1.000054029183985, 5.e-6, 0, 0, 0., 0, 0.26193577600132995, 3.e-6, 0., 0, 0, 0, "ErrScale 1e-4"}
{2009, 2, 19, 128, 60, 0.1, 0.0001, "dp", 0, 0.19278801173060112, 0.06801260003186312, 2.e-7, 0.9337567617247572, 1.e-6, 0.03420722026500861, 2.e-7, 0.0006752851014738497, 3.e-9, 0.2376743495066412, 6.e-7, 0.0002264463440585814, 2.e-9, 0.019512439690775003, 0.002455911718749988, "ErrScale 1e-4"}
{2009, 2, 19, 128, 60, 0.2, 0.0001, "dp", 0, 0.25827825813976707, 0.10351649464229999, 0.0004, 0.8449907641183405, 8.e-7, 0.05278671266377202, 0.0009, 0.0016709580817449957, 5.e-6, 0.20882223920801166, 2.e-6, 0.0005652829938040696, 7.e-6, 0.0312968913426, 0.006577159999999985, "ErrScale 1e-4"}
{2009, 4, 9, 128, 60, 0.3, 0.0001, "dp", 0, 0.2765918349164986, 0.12380474104160034, 0.0001, 0.7725501770760506, 5.e-7, 0.06762227514668459, 0.00015000000000000001, 0.002517154054373411, 3.e-7, 0.1873331186785878, 4.e-7, 0.0008600608688676656, 3.e-7, 0.039324496852299995, 0.011534860468749998, "ErrScale 1e-4"}
{2009, 2, 20, 128, 70, 0, 0.0001, "dp", 0, 0, 0., 0, 1.0000477227276647, 1.e-6, 0., 0, 0., 0, 0.2619328179843389, 3.e-7, 0., 0, 0, 0, "ErrScale 1e-4"}
{2009, 2, 20, 128, 70, 0.1, 0.0001, "dp", 0, 0.24184260697421373, 0.07277952716095137, 3.e-7, 0.9107190224724775, 2.e-6, 0.037771952921389136, 2.e-7, 0.0007913682701512407, 7.e-9, 0.2288326603261154, 2.e-6, 0.0002662357102741988, 3.e-9, 0.021107774081325005, 0.0026937103125, "ErrScale 1e-4"}
{2009, 2, 20, 128, 70, 0.2, 0.0001, "dp", 0, 0.3058007459139269, 0.10542514599191863, 0.00014, 0.8122248527195747, 1.e-6, 0.05577481659690751, 0.0002, 0.0018037985965181508, 2.e-6, 0.1975408860870862, 3.e-7, 0.0006132477025751134, 1.e-6, 0.032510838414249996, 0.0068903806249999994, "ErrScale 1e-4"}
{2009, 2, 20, 256, 70, 0, 0.0001, "dp", 0, 0, 0., 0, 1.0000112642243253, 4.e-7, 0., 0, 0., 0, 0.261832228165828, 2.e-8, 0., 0, 0, 0, "ErrScale 1e-4"}
{2009, 2, 20, 256, 70, 0.1, 0.0001, "dp", 0, 0.24218755000000003, 0.07277596309381139, 3.e-6, 0.9106730763918569, 1.e-6, 0.03774815798161096, 3.e-6, 0.0007900426025120006, 4.e-9, 0.22876534103306206, 1.e-6, 0.00026584493047426795, 3.e-9, 0.02099094433295573, 0.002165975179110176, "ErrScale 1e-4"}
{2009, 3, 12, 10, 1, 0.25, 0.0001, "dp", 0, -0.09455196380954328, 0.0035088240551494963, 2.e-6, 1.0103331979999983, 3.e-14, 0.0021035525701599994, 2.e-6, 2.091158112273663e-6, 4.e-10, 0.2727923632059195, 5.4999999999999996e-12, 7.024277507068116e-7, 5.e-10, 0.0012047537, 0.002292944, "ErrScale 1e-4"}
{2009, 3, 12, 20, 1, 0.25, 0.0001, "dp", 0, -0.09454323524797192, 0.0035180753786253098, 2.e-7, 1.0044298938995941, 2.e-6, 0.0019573507952266663, 2.e-7, 1.8200978352247786e-6, 4.e-11, 0.2644175552314485, 1.e-8, 6.027018180484143e-7, 1.e-10, 0.0011038579999999984, 0.0012689789999999978, "ErrScale 1e-4"}
{2009, 3, 12, 30, 1, 0.25, 0.0001, "dp", 0, -0.09462759093066726, 0.003514120809557451, 4.e-6, 1.0048372732502633, 5.e-6, 0.0019383457748177442, 1.e-6, 1.7495231112766694e-6, 5.500000000000001e-10, 0.2620427308108618, 2.e-6, 5.873217315484235e-7, 6.e-10, 0.0010801581345030505, 0.0007307257413810027, "ErrScale 1e-4"}
{2009, 3, 12, 40, 1, 0.25, 0.0001, "dp", 0, -0.0941066842490285, 0.0035116167028099964, 6.e-6, 1.0033991597070302, 5.e-7, 0.0019266376622371208, 2.e-6, 1.7145140460752174e-6, 4.e-9, 0.26080213703451144, 2.2999999999999997e-7, 5.753375247612183e-7, 2.4e-9, 0.0010413485749999978, 0.0004616610999999978, "ErrScale 1e-4"}
{2009, 3, 12, 50, 1, 0.25, 0.0001, "dp", 0, -0.09430267685248334, 0.0035082423201510285, 9.e-6, 1.0034474022523765, 6.5e-8, 0.001921258476733333, 8.e-7, 1.7025727136625448e-6, 6.e-11, 0.2603894367904168, 3.e-8, 5.728385444200001e-7, 6.e-11, 0.001039564399999997, 0.00032959007999999723, "ErrScale 1e-4"}
{2009, 3, 12, 60, 1, 0.25, 0.0001, "dp", 0, -0.09391714007725102, 0.0035094779326659453, 1.3e-6, 1.0031225797966592, 2.e-8, 0.0019196557700999998, 2.e-6, 1.6947517833527998e-6, 6.e-10, 0.26011441529848556, 8.e-9, 5.708221606516667e-7, 3.e-10, 0.0010320729128362979, 0.0002994950007609819, "ErrScale 1e-4"}
{2009, 3, 12, 70, 1, 0.25, 0.0001, "dp", 0, -0.0941415180000455, 0.003508217258053333, 6.e-8, 1.0030898598216214, 5.e-9, 0.0019171228412979547, 4.e-8, 1.6901827067771858e-6, 2.e-11, 0.2599611273531352, 2.e-9, 5.691654054790289e-7, 7.e-12, 0.0010274489384884571, 0.00028955192283772223, "ErrScale 1e-4"}
{2009, 3, 12, 80, 1, 0.25, 0.0001, "dp", 0, -0.09422815671413692, 0.0035079219880433327, 6.e-8, 1.003015208488561, 3.4000000000000003e-9, 0.0019189150391330386, 4.e-8, 1.6878232858462095e-6, 3.e-11, 0.259878101095419, 5.e-10, 5.689198104483332e-7, 2.4999999999999998e-11, 0.0010197428500000017, 0.00027433957500000097, "ErrScale 1e-4"}
{2009, 3, 13, 90, 1, 0.25, 0.0001, "dp", 0, -0.09500984811222464, 0.0035085099167166665, 2.e-8, 1.0029781304505179, 7.e-10, 0.0019173755676520287, 2.e-8, 1.6858612834133318e-6, 1.e-12, 0.25981110488879067, 3.e-10, 5.685602643131285e-7, 2.e-12, 0.0010208792552154995, 0.0002620204798435385, "ErrScale 1e-4"}
{2009, 3, 13, 100, 1, 0.25, 0.0001, "dp", 0, -0.09420042275248747, 0.003507736234859999, 1.e-8, 1.0029393679638947, 2.e-9, 0.001917962399319074, 8.e-9, 1.6842790757991973e-6, 3.e-12, 0.25975262177100916, 7.e-9, 5.67998036834333e-7, 3.e-12, 0.0010170561300000065, 0.0002524641100000079, "ErrScale 1e-4"}
{2009, 3, 12, 110, 1, 0.25, 0.0001, "dp", 0, -0.09397521304740349, 0.0035085095710440015, 5.e-8, 1.0029779032476664, 2.e-7, 0.0019173747392055441, 4.e-8, 1.6858589683257026e-6, 1.e-11, 0.2598109986346992, 8.e-8, 5.685597598750228e-7, 6.e-12, 0.001019150919125998, 0.00024850290571725245, "ErrScale 1e-4"}
{2009, 4, 14, 128, 50, 0.5, 0.0001, "dp", 0, 0.20904269854062194, 0.1474294483988072, 0.00024, 0.7068747352850856, 0.000055, 0.09283355233317574, 0.00024, 0.0035907447673281076, 2.e-6, 0.16932253494131724, 0.00003, 0.0012559622382268979, 2.e-6, 0.049823866014324994, 0.02278299015625003, "ErrScale 1e-4"}
{2009, 4, 14, 128, 50, 0.6, 0.0001, "dp", 0, 0.19172028061707508, 0.15437303659005286, 0.00022000000000000003, 0.664503941819061, 6.e-6, 0.10623410500168906, 0.0004, 0.004006924974784484, 1.e-7, 0.15699840166085022, 3.e-6, 0.0014319631806538312, 6.e-8, 0.05456964879560001, 0.0296078884375, "ErrScale 1e-4"}
{2009, 4, 15, 128, 60, 0.4, 0.0001, "dp", 0, 0.27537906432123177, 0.13657952106678808, 0.00026000000000000003, 0.7134986922036958, 0.00014, 0.08115209929200952, 0.0004, 0.0031829852623221355, 4.e-6, 0.1705674919368859, 0.00008, 0.001101377544369428, 3.e-6, 0.045456843865625, 0.017068817812500015, "ErrScale 1e-4"}
{2009, 4, 15, 128, 60, 0.5, 0.0001, "dp", 0, 0.2645460405049763, 0.14494434061022726, 0.0005, 0.664748451941834, 0.00002, 0.09406130432375905, 0.00025, 0.0036933567620923086, 3.e-6, 0.1570907300896189, 9.e-6, 0.0012994525862102082, 3.e-6, 0.050483415909874985, 0.023143975000000015, "ErrScale 1e-4"}
{2009, 4, 15, 128, 70, 0.3, 0.0001, "dp", 0, 0.3212669945896906, 0.12312791733927414, 0.0009, 0.7374279000870014, 0.00006, 0.068837913987561, 0.0006, 0.0026143270228847645, 0.00001, 0.1760670507130049, 0.00003, 0.0008983774244395823, 0.00001, 0.040091333717424994, 0.011812415937500008, "ErrScale 1e-4"}
{2009, 4, 15, 128, 70, 0.4, 0.0001, "dp", 0, 0.3187360225491195, 0.13390843747106396, 0.0008, 0.6786931320279785, 0.00003, 0.08203062548514688, 0.002, 0.003234958038681139, 5.e-6, 0.16005242567297662, 0.00002, 0.0011263857276723667, 5.e-6, 0.045800679165000004, 0.017249684375000008, "ErrScale 1e-4"}
{2009, 4, 15, 128, 70, 0.5, 0.0001, "dp", 0, 0.30744914836471443, 0.1405174287476432, 0.001, 0.6308228742751215, 0.00002, 0.09464786849210102, 0.003, 0.0036912437924840353, 6.e-6, 0.1471734762925771, 0.00001, 0.0013071889105178876, 6.e-6, 0.05044850191125, 0.023180639062500008, "ErrScale 1e-4"}
{2009, 4, 15, 128, 70, 0.6, 0.0001, "dp", 0, 0.29323961958222217, 0.14339856645437482, 0.0015, 0.5942422489971566, 0.0006, 0.10728586313609227, 0.004, 0.003958122855924812, 0.00005, 0.134713071796423, 0.0004, 0.0014331417156490222, 0.00003, 0.05454637153962501, 0.02970682343750001, "ErrScale 1e-4"}
{2009, 4, 15, 128, 80, 0, 0.0001, "dp", 0, 0, 0., 0, 1.0001038404035831, 0.00004, 0., 0, 0., 0, 0.2619536747479638, 0.000015000000000000002, 0., 0, 0, 0, "ErrScale 1e-4"}
{2009, 4, 15, 128, 80, 0.1, 0.0001, "dp", 0, 0.2847421333618819, 0.07578735279279045, 6.e-6, 0.8872996790803113, 0.00004, 0.04052601071392668, 5.e-6, 0.0008807103680755503, 2.e-7, 0.21993441878119488, 2.e-6, 0.0002974131993019096, 5.e-8, 0.022255723115174993, 0.002876014218750004, "ErrScale 1e-4"}
{2009, 4, 15, 128, 80, 0.2, 0.0001, "dp", 0, 0.34406759876959736, 0.10549003060521552, 0.0004, 0.7827091056052046, 8.e-6, 0.0577189615995517, 0.00006, 0.0018816850190490582, 3.e-6, 0.1875736813294658, 4.e-6, 0.0006431503200671553, 3.e-6, 0.033221717398525, 0.00710045765625001, "ErrScale 1e-4"}
{2009, 4, 15, 128, 80, 0.3, 0.0001, "dp", 0, 0.35652084330599615, 0.12093237540924162, 0.0003, 0.7074802069760844, 3.e-6, 0.06957948480696104, 0.00006, 0.0026495534729410078, 3.e-6, 0.16665026151316947, 2.e-6, 0.0009160280986156928, 1.e-8, 0.04035239383749999, 0.011962398281249993, "ErrScale 1e-4"}
{2009, 4, 16, 128, 80, 0.4, 0.0001, "dp", 0, 0.35243014722638183, 0.1299440667843903, 2.e-6, 0.6495358205321887, 2.e-6, 0.08247954516937753, 3.e-6, 0.0032194929995613608, 2.e-8, 0.15128233174920427, 1.e-6, 0.001128254310183723, 2.5e-8, 0.045670891063250015, 0.01729313734374999, "ErrScale 1e-4"}
{2009, 4, 16, 128, 80, 0.5, 0.0001, "dp", 0, 0.3407618290078759, 0.1351241001393523, 6.499999999999999e-7, 0.6046606765015639, 2.e-6, 0.09481893425653735, 3.e-6, 0.0036268480397201766, 2.e-8, 0.13905134265256522, 1.e-6, 0.0012929300053580628, 1.e-8, 0.04996920504824999, 0.023076809375000028, "ErrScale 1e-4"}
{2009, 4, 16, 128, 80, 0.6, 0.0001, "dp", 0, 0.3245089828805489, 0.1389465346902276, 3.e-7, 0.5729439804888334, 1.e-6, 0.1072694809279976, 2.e-7, 0.0038953366850937583, 1.e-8, 0.12875784090230832, 4.e-7, 0.0014191596584027333, 3.e-9, 0.0536644807515, 0.029369523562499993, "ErrScale 1e-4"}
{2009, 4, 16, 128, 80, 0.7, 0.0001, "dp", 0, 0.3060317903277852, 0.14506455724799922, 7.e-7, 0.5496166107903548, 1.e-6, 0.12041832712824237, 4.e-7, 0.004039261339527731, 1.e-8, 0.11969563546876762, 3.e-7, 0.0015126038298870824, 2.e-9, 0.05700869291087501, 0.036289014843750016, "ErrScale 1e-4"}
{2009, 4, 16, 128, 90, 0, 0.0001, "dp", 0, 0, 0., 0, 1.0000497280384832, 8.e-8, 0., 0, 0., 0, 0.2619337618356605, 3.e-8, 0., 0, 0, 0, "ErrScale 1e-4"}
{2009, 4, 16, 128, 90, 0.1, 0.0001, "dp", 0, 0.321267698807234, 0.07746724234437288, 0.00001, 0.8645663493406153, 0.00007, 0.04262377286666949, 7.e-6, 0.0009466122159983322, 3.e-7, 0.21143375509920012, 0.00003, 0.00032098640222095055, 1.e-7, 0.023080224223249998, 0.003016452187500001, "ErrScale 1e-4"}
{2009, 4, 16, 128, 90, 0.2, 0.0001, "dp", 0, 0.37530502584131736, 0.10435903096407495, 5.e-6, 0.756409790166258, 0.000014, 0.05887243903257093, 3.e-6, 0.0019201909160723423, 1.e-7, 0.17885395050151212, 7.e-6, 0.0006599167185532129, 7.e-8, 0.033571983367750004, 0.007228785312500011, "ErrScale 1e-4"}
{2009, 4, 16, 128, 90, 0.3, 0.0001, "dp", 0, 0.3841934867058451, 0.11780662931783047, 5.e-6, 0.6816091877064379, 4.e-6, 0.06997922876605714, 3.e-6, 0.0026405154173225866, 1.e-7, 0.15858717689762403, 2.e-6, 0.0009184318181262361, 4.e-8, 0.040277596593499984, 0.012007449843750006, "ErrScale 1e-4"}
{2009, 4, 16, 128, 90, 0.4, 0.0001, "dp", 0, 0.3788631725016632, 0.12530597736658072, 5.e-7, 0.6249457476745706, 3.e-6, 0.08269385867196208, 1.e-6, 0.0031615516467952787, 3.e-8, 0.14388582754766238, 2.e-6, 0.0011149452222967988, 2.e-8, 0.045224131297000016, 0.017211128437499983, "ErrScale 1e-4"}
{2009, 4, 16, 128, 90, 0.5, 0.0001, "dp", 0, 0.3667155261219494, 0.13225591956056648, 2.e-6, 0.5840793378648839, 2.e-6, 0.09482464775993774, 5.e-6, 0.0035242005661732722, 5.e-8, 0.13224474874250305, 1.e-6, 0.001264318796743985, 4.e-8, 0.04930001480125001, 0.02283268562500004, "ErrScale 1e-4"}
{2009, 4, 17, 128, 10, 0.05, 0.0001, "dp", 0, -0.014671598136713902, 0.006943293328803027, 6.e-9, 0.9998490382597478, 5.e-7, 0.0033768502187436164, 1.e-8, 6.70387372753048e-6, 3.e-11, 0.26175803880786047, 3.e-7, 2.23496404451012e-6, 9.e-12, 0.0019265190171425003, 0.00015337214649999956, "ErrScale 1e-4"}
{2009, 4, 20, 128, 100, 0, 0.0001, "dp", 0, 0, 0., 0, 1.0001321842586905, 0.00006, 0., 0, 0., 0, 0.2619597954220996, 0.00002, 0., 0, 0, 0, "ErrScale 1e-4"}
{2009, 4, 20, 128, 100, 0.1, 0.0001, "dp", 0, 0.35253507737701, 0.07802197193318532, 0.0001, 0.8415585340404677, 0.001, 0.0440283999489968, 0.0001, 0.0009879969393727353, 4.e-6, 0.20287367456131206, 0.0005, 0.0003363697290911757, 2.e-6, 0.023660077563574994, 0.003124693281250002, "ErrScale 1e-4"}
{2009, 4, 20, 128, 100, 0.2, 0.0001, "dp", 0, 0.4004537509307514, 0.10244775762728037, 0.00002, 0.7328168964381774, 0.0002, 0.05940847951070448, 0.00002, 0.0019292897224350315, 1.e-6, 0.1711193680508256, 9.e-6, 0.0006666104747425213, 4.e-7, 0.03367133290125, 0.007297266718750004, "ErrScale 1e-4"}
{2009, 4, 20, 128, 100, 0.3, 0.0001, "dp", 0, 0.4065918245860625, 0.11414306112810237, 3.e-6, 0.6589936193075648, 0.0001, 0.07022819780596243, 0.00001, 0.0026017999714140036, 1.e-6, 0.1516014329273149, 0.00005, 0.0009102013415777377, 3.e-7, 0.039974345558125, 0.011976344687500001, "ErrScale 1e-4"}
{2009, 4, 20, 128, 100, 0.4, 0.0001, "dp", 0, 0.3997933259262018, 0.12358917686076011, 0.00002, 0.6047451801136862, 0.00006, 0.08270742072272178, 9.e-6, 0.0030769691489554605, 5.e-7, 0.13754650614106667, 0.00003, 0.001091518607400959, 2.e-7, 0.0447071990625, 0.017041618749999994, "ErrScale 1e-4"}
{2009, 4, 20, 128, 100, 0.5, 0.0001, "dp", 0, 0.3872580094777447, 0.13307579140445203, 0.00001, 0.5672040488676856, 0.00003, 0.09462734831561291, 5.e-6, 0.0033997146275929076, 3.e-7, 0.12643250326888686, 0.00002, 0.0012266944907294995, 1.e-7, 0.048493643345000004, 0.02249230609375002, "ErrScale 1e-4"}
{2009, 4, 30, 128, 10, 0.05, 0.0001, "dp", 0, -0.014671598136713902, 0.0069432848980809795, 5.e-11, 0.9998497154667622, 3.e-9, 0.003376848442324685, 3.e-11, 6.703904545110963e-6, 1.e-13, 0.261758358839649, 2.e-9, 2.234973816965253e-6, 3.e-14, 0.0019265190171425003, 0.00015337214649999956, "ErrScale 1e-4"}
{2009, 4, 30, 128, 20, 0.05, 0.0001, "dp", 0, -0.0022738630257650334, 0.013854386906074434, 9.e-8, 0.9987597808110397, 3.e-6, 0.006707104705741797, 4.e-8, 0.000026702749514131897, 3.e-10, 0.26143892368582977, 1.e-6, 8.901843523629093e-6, 1.e-10, 0.0038444603948525, 0.00030714494349999956, "ErrScale 1e-4"}
{2009, 4, 30, 128, 30, 0.05, 0.0001, "dp", 0, 0.017898863025765033, 0.02066064092176589, 2.e-6, 0.9965044422060071, 0.00002, 0.009929430859854513, 6.e-7, 0.00005947975010214555, 7.e-9, 0.2607014032980946, 0.00001, 0.000019828898281260153, 3.e-9, 0.0057383204716725, 0.0004609902640000025, "ErrScale 1e-4"}
{2009, 4, 30, 128, 40, 0.05, 0.0001, "dp", 0, 0.045600464121148446, 0.02724043181353965, 6.e-6, 0.9925475521035485, 0.00007, 0.012968158905255928, 3.e-6, 0.00010365249324030613, 4.e-8, 0.25927724028232385, 0.00004, 0.000034561776345637296, 2.e-8, 0.0075753914335375, 0.0006132498633000024, "ErrScale 1e-4"}
{2009, 4, 30, 128, 50, 0.05, 0.0001, "dp", 0, 0.0797002363123637, 0.03340058056129313, 0.00001, 0.9864222825578358, 0.0001, 0.01606524062170497, 6.e-6, 0.00015654035418065308, 1.e-7, 0.2569096900707947, 0.00006, 0.00005222448594920783, 4.e-8, 0.009310771353599999, 0.0007604244105374972, "ErrScale 1e-4"}
{2009, 4, 30, 128, 60, 0.05, 0.0001, "dp", 0, 0.11774512957454036, 0.038944937447359856, 0.00001, 0.9779670314402222, 0.0001, 0.01908893789936581, 5.e-6, 0.00021430976134123364, 4.e-7, 0.25349757220771757, 0.00006, 0.00007156820227847867, 4.e-8, 0.010894296312374999, 0.0008991185156250049, "ErrScale 1e-4"}
{2009, 4, 30, 128, 70, 0.05, 0.0001, "dp", 0, 0.15746880788259524, 0.043671947648363615, 0.00002, 0.9667426653169944, 0.0002, 0.021854919762682275, 0.00001, 0.00027210196641000835, 3.e-7, 0.24889571838913388, 0.0001, 0.00009100377264974182, 9.e-8, 0.012283740908174998, 0.001033030312500004, "ErrScale 1e-4"}
{2009, 4, 30, 128, 80, 0.05, 0.0001, "dp", 0, 0.19658556258470009, 0.0474872861073069, 0.00006, 0.9532123237816776, 0.0006, 0.024302251685409, 0.00004, 0.00032568475105680363, 1.e-6, 0.243238626966049, 0.00025, 0.0001091366800760314, 3.e-7, 0.013459241369824999, 0.0011532842187500017, "ErrScale 1e-4"}
{2009, 4, 30, 128, 90, 0.05, 0.0001, "dp", 0, 0.23380121178358987, 0.050440645304114136, 0.0001, 0.9380238663517775, 0.001, 0.026395296344678333, 0.00008, 0.0003728530721338307, 2.e-6, 0.23696842539662605, 0.0005, 0.00012523138169261334, 6.e-7, 0.014424789885450002, 0.0012580784531249977, "ErrScale 1e-4"}
{2009, 4, 30, 128, 100, 0.05, 0.0001, "dp", 0, 0.26790520225584635, 0.05261818121956949, 0.0002, 0.9221648480861365, 0.0014, 0.028136528361035543, 0.00014, 0.0004126034218529424, 3.e-6, 0.23043479978803588, 0.0007, 0.00013894006063773685, 1.e-6, 0.0151988508599875, 0.001347681718750003, "ErrScale 1e-4"}
{2009, 4, 30, 128, 110, 0.05, 0.0001, "dp", 0, 0.2985262239031073, 0.05415031420045161, 0.00026000000000000003, 0.9060348474720376, 0.0017, 0.029585694817419236, 0.0002, 0.0004448654683003074, 5.e-6, .2239010552130928, 0.0009, 0.00015021840203521198, 2.e-6, 0.015813581650025, 0.0014233631250000003, "ErrScale 1e-4"}
{2009, 4, 30, 128, 120, 0.05, 0.0001, "dp", 0, 0.32599438105714673, 0.055216301639675766, 0.0003, 0.8905046789831128, 0.0018000000000000002, 0.03079280408290208, 0.00024, 0.0004718503746140835, 5.e-6, 0.2177334935069397, 0.0009, 0.0001598192846077141, 2.e-6, 0.016296397046725003, 0.0014865362499999922, "ErrScale 1e-4"}
{2009, 4, 30, 128, 130, 0.05, 0.0001, "dp", 0, 0.3501886733807919, 0.05594663250680946, 0.0003, 0.8756558900285683, 0.0015, 0.031869367914177535, 0.0002, 0.0004945293719686867, 5.e-6, 0.2119912871102445, 0.0008, 0.00016806167677399934, 2.e-6, 0.016674291676350005, 0.0015390448437500055, "ErrScale 1e-4"}
{2009, 4, 30, 128, 140, 0.05, 0.0001, "dp", 0, 0.37207175285244753, 0.05632501844444785, 0.0002, 0.8611809618489313, 0.0008, 0.03271391575627775, 0.0002, 0.000512185351883905, 4.e-6, 0.20641125361219853, 0.0005, 0.0001746347263529296, 2.e-6, 0.016983844799875004, 0.0015841935937500025, "ErrScale 1e-4"}
{2009, 4, 28, 128, 80, 0.5, 0.0001, "dp", 0, 0.3407771954892544, 0.13512232740513827, 2.e-6, 0.6046125499713758, 0.00003, 0.09481162394771944, 5.e-6, 0.0036263190687657884, 4.e-7, 0.1390276055973737, 0.00002, 0.001292720723002144, 2.e-7, 0.04996937301624999, 0.02307694062500002, "ErrScale 1e-4"}
{2009, 4, 28, 128, 90, 0.5, 0.0001, "dp", 0, 0.3667155261219494, 0.13225557404452573, 2.e-6, 0.5840780429315259, 3.e-6, 0.09482428453804423, 2.e-6, 0.003524191768159417, 4.e-8, 0.13224416963767138, 2.e-6, 0.001264313442796401, 2.e-8, 0.049299988238749995, 0.022832727343750032, "ErrScale 1e-4"}
{2009, 4, 28, 128, 100, 0.5, 0.0001, "dp", 0, 0.3872580094777447, 0.13308911713633884, 2.e-6, 0.5672496598484695, 4.e-6, 0.09463366941163849,  7.e-7, 0.003400072900535195, 4.e-8, 0.12645318468602, 2.e-6, 0.0012268399946309828, 2.e-8, 0.04849360818875001, 0.022492211875000022, "ErrScale 1e-4"}
{2009, 4, 28, 128, 110, 0.5, 0.0001, "dp", 0, 0.403607553318993, 0.13344639167457395, 2.e-6, 0.5530164935022069, 6.e-6, 0.09437570487320851, 2.e-6, 0.0032654622240000687, 4.e-8, 0.12144315953984551, 3.e-6, 0.0011842019328973824, 2.e-8, 0.04755344718112498, 0.022086446406250026, "ErrScale 1e-4"}
{2009, 4, 28, 128, 120, 0.5, 0.0001, "dp", 0, 0.4175106832401786, 0.13341845798244306, 4.e-6, 0.5406079409737287, 6.e-6, 0.09400250878980573, 0.00002, 0.0031279035280549357, 2.e-7, 0.11704198397193134, 3.e-6, 0.001139072907849736, 2.e-7, 0.04652147788975, 0.021642412500000003, "ErrScale 1e-4"}
{2009, 4, 28, 128, 130, 0.5, 0.0001, "dp", 0, 0.42862382337361576, 0.13345428938857712, 3.e-6, 0.5295015957796912, 7.e-6, 0.09356706736881465, 0.00002, 0.002992470172192816, 1.e-7, 0.11312031248410678, 3.e-6, 0.00109337904430248, 1.e-7, 0.045546449733124994, 0.02122990123437498, "ErrScale 1e-4"}
{2009, 4, 28, 128, 140, 0.5, 0.0001, "dp", 0, 0.4379315303220749, 0.1332490967823731, 3.e-6, 0.5194272801289525, 7.e-6, 0.09309431726993089, 0.00002, 0.002862463450090106, 3.e-8, 0.10958455842295492, 4.e-6, 0.0010484871232230438, 2.e-8, 0.044573909012750, 0.020804887656249996, "ErrScale 1e-4"}
{2009, 4, 28, 128, 160, 0.5, 0.0001, "dp", 0, 0.4539779750512313, 0.13221834147210743, 3.e-6, 0.5013374947753585, 9.e-6, 0.09201548559737277, 0.00002, 0.002625420078273071, 4.e-8, 0.10340210842931062, 4.e-6, 0.0009643779061118603, 2.e-8, 0.042621078099250004, 0.019954961562500005, "ErrScale 1e-4"}
{2009, 4, 28, 128, 170, 0.5, 0.0001, "dp", 0, 0.46054053712518195, 0.13175204886334563, 0.00002, 0.49309965505467374, 7.e-6, 0.09147566202760367, 9.e-6, 0.002519622914442023, 5.e-8, 0.10066321338196026, 4.e-6, 0.0009260180068419226, 3.e-8, 0.041676866989249994, 0.019543607812499975, "ErrScale 1e-4"}
{2009, 4, 28, 128, 180, 0.5, 0.0001, "dp", 0, 0.4666975827787645, 0.13121344169265778, 3.e-6, 0.4852555603729229, 0.00001, 0.09095200551681087, 3.e-6, 0.0024220897384292835, 9.e-8, 0.09811048482707699, 4.e-6, 0.000890276517166843, 3.e-8, 0.040835455118499994, 0.01914804203125002, "ErrScale 1e-4"}
{2009, 4, 28, 128, 190, 0.5, 0.0001, "dp", 0, 0.47224661860242284, 0.13058741595933515, 0.00003, 0.4777755644489234, 0.00002, 0.09040263869786179, 0.00002, 0.0023329583931230784, 2.e-6, 0.09566270185788318, 0.00002, 0.0008573078945834799, 5.e-7, 0.04004383517400001, 0.018802439375000004, "ErrScale 1e-4"}
{2009, 5, 4, 128, 200, 0.05, 0.0001, "dp", 0, 0.45702790461635084, 0.052925497378024176, 0.0013000000000000002, 0.7780683922743045, 0.0064, 0.03390513614819672, 0.0009, 0.000517430690244278, 0.00002, 0.17632782187172125, 0.003, 0.00017961311916601385, 0.00001, 0.017537816310525006, 0.0017373614062500056, "ErrScale 1e-4"}
{2009, 5, 4, 128, 150, 0.05, 0.0001, "dp", 0, 0.3933984430687279, 0.058, 0.003, 0.86, 0.005, 0.034, 0.003, 0.0005757676036540496, 0.0001, 0.18300144440844265, 0.005, 0.0001973359221861944, 0.00005, 0.017632641146624994, 0.0016624503906250065, "ErrScale 1e-4"}
{2009, 5, 2, 128, 150, 0.5, 0.0001, "dp", 0, 0.44633038757078675, 0.13282028618886643, 3.e-6, 0.5101043090068725, 5.e-6, 0.09256795954913037, 4.e-6, 0.0027398895535477195, 3.e-8, 0.10637359804624691, 4.e-8, 0.0010053340284514392, 1.e-8, 0.043593397023625, 0.020377095312499965, "ErrScale 1e-4"}
{2009, 5, 2, 128, 200, 0.5, 0.0001, "dp", 0, 0.4779014180811101, 0.1298987365584485, 3.e-6, 0.4708182823782321, 7.e-6, 0.08983022213331512, 8.e-6, 0.002250235289111002, 5.e-8, 0.09348588821021937, 3.e-6, 0.0008265908411249263, 4.e-8, 0.03928028654137501, 0.018472627812499993, "ErrScale 1e-4"}
{2009, 5, 4, 128, 210, 0.05, 0.0001, "dp", 0, 0.4662566248413038, 0.0539124687608549, 8.e-7, 0.7765597734232681, 9.e-6, 0.03512482182304249, 2.e-6, 0.0005517685951014016, 2.e-8, 0.17736129550513094, 5.e-6, 0.00019252280531999636, 1.e-8, 0.017504447455250004, 0.0017503723437500007, "ErrScale 1e-4"}
{2009, 5, 4, 128, 220, 0.05, 0.0001, "dp", 0, 0.4747525232204153, 0.053160672493205455, 8.e-7, 0.7664355349255667, 8.e-6, 0.03509491620628277, 7.e-7, 0.000548988639547645, 1.e-8, 0.17401665169710606, 5.e-6, 0.00019207917770541462, 5.e-9, 0.017466394482975007, 0.0017614396874999936, "ErrScale 1e-4"}
{2009, 5, 4, 128, 230, 0.05, 0.0001, "dp", 0, 0.4823627335375528, 0.0523701488899717, 2.e-6, 0.7567284073369851, 7.e-6, 0.03503192290474661, 2.e-6, 0.0005451883733816036, 1.e-8, 0.17086697905570455, 5.e-6, 0.00019124676553443335, 5.e-9, 0.017419443014275005, 0.0017792397152500015, "ErrScale 1e-4"}
{2009, 5, 4, 128, 210, 0.5, 0.0001, "dp", 0, 0.48310822533688125, 0.1291412833438429, 2.e-6, 0.4640532787709289, 2.e-6, 0.08934088609922834, 3.e-6, 0.002174641785575725, 2.e-8, 0.09138335689909731, 6.e-7, 0.0007983698574932695, 1.e-8, 0.038579808724875, 0.018159072812499982, "ErrScale 1e-4"}
{2009, 5, 4, 128, 220, 0.5, 0.0001, "dp", 0, 0.48870500710978115, 0.12860132174810193, 0.0002, 0.456130342672452, 0.0005, 0.08894584784474845, 0.0002, 0.0021112019947657564, 0.00001, 0.08891577093319054, 0.0002, 0.0007743259255008167, 4.e-6, 0.0379068393575, 0.017858161875, "ErrScale 1e-4"}
{2009, 8, 8, 128, 50, 0.01, 0.0001, "dp", 0, 0.016874081293129894, 0.0069335526249714495, 1.e-7, 0.9994706399283558, 6.e-6, 0.0032928509505108037, 7.e-8, 6.690326561910732e-6, 3.e-10, 0.2617106607393518, 3.e-6, 2.2295881333344012e-6, 8.e-11, 0.0019070393688025, 0.0001303692637149999, "ErrScale 1e-4"}
{2009, 8, 10, 128, 100, 0.01, 0.0001, "dp", 0, 0.07657782010011277, 0.013626641122068423, 4.e-7, 0.9946828978681188, 0.00001, 0.006643549791346362, 2.e-7, 0.00002595187302216067, 2.e-9, 0.25960014366192263, 5.e-6, 8.655265054139396e-6, 5.e-10, 0.00375674091872375, 0.00026123661312499997, "ErrScale 1e-4"}
{2009, 8, 10, 128, 150, 0.01, 0.0001, "dp", 0, 0.16259633339183177, 0.019242113521194044, 3.e-6, 0.9791386591833777, 0.00006, 0.009791560612725144, 2.e-6, 0.00005249930295165281, 2.e-8, 0.25248996728665474, 0.00003, 0.000017560136397586295, 5.e-9, 0.005355303300325, 0.00039032733947500073, "ErrScale 1e-4"}
{2009, 8, 11, 128, 200, 0.01, 0.0001, "dp", 0, 0.2518980567646851, 0.022676651288713066, 0.0001, 0.9451373659303616, 0.002, 0.012081435272405, 0.00008, 0.00007491560879928874, 7.e-7, 0.23731445529965423, 0.0001, 0.000025172155420631347, 3.e-7, 0.0065262135953750005, 0.0005021619566874987, "ErrScale 1e-4"}
{2009, 11, 12, 128, 1, 0, 0.0001, "dp", 0, 0, 0., 0, 1.0000578050252587, 6.e-6, 0., 0, 0., 0, 0.2619375491497354, 3.e-6, 0., 0, 0, 0, "ErrScale 1e-4"}
{2009, 11, 12, 128, 1, 0.1, 0.0001, "dp", 0, -0.037494985296648076, 0.001391144852985956, 5.e-10, 1.0005566691688292, 4.e-9, 0.00069709542645729, 2.e-11, 2.685453523196081e-7, 1.e-14, 0.2615778695918649, 2.e-9, 8.965691534602188e-8, 5.e-15, 0.00039030197605375, 0.00004608078437500011, "ErrScale 1e-4"}
{2009, 11, 12, 128, 1, 0.2, 0.0001, "dp", 0, -0.07499999999999978, 0.002795868825709822, 2.e-10, 1.0018836141276162, 1.e-8, 0.0014835145041959816, 1.e-10, 1.0756584803568434e-6, 6.e-14, 0.26050276054608557, 5.e-9, 3.611728494613618e-7, 2.e-14, 0.00080202941710875, 0.00015980067187500022, "ErrScale 1e-4"}
{2009, 11, 12, 128, 1, 0.3, 0.0001, "dp", 0, -0.11464645085166408, 0.004227684632609147, 5.e-10, 1.0040822523767916, 2.e-8, 0.0023805072201922286, 3.e-10, 2.4247619186470953e-6, 3.e-13, 0.2586512911421709, 8.e-9, 8.221316261425889e-7, 1.e-13, 0.0012403508025825, 0.00034857179687500044, "ErrScale 1e-4"}
{2009, 11, 12, 128, 1, 0.4, 0.0001, "dp", 0, -0.153125, 0.005699346145244653, 6.e-10, 1.0069775777206247, 3.e-8, 0.0034136078046640658, 3.e-10, 4.317486716982577e-6, 6.e-13, 0.25592218475653533, 1.e-8, 1.4847870610159968e-6, 3.e-13, 0.00171113259317, 0.0006219949062500003, "ErrScale 1e-4"}
{2009, 11, 12, 128, 1, 0.5, 0.0001, "dp", 0, -0.19392800350987266, 0.007221308405124763, 2.e-9, 1.0103706376036903, 3.e-8, 0.004616705885124355, 7.e-10, 6.7453688391443e-6, 1.e-12, 0.25215326339622507, 2.e-8, 2.3648501526361815e-6, 4.e-13, 0.0022209245566774992, 0.0009940977187500007, "ErrScale 1e-4"}
{2009, 11, 12, 128, 1, 0.6, 0.0001, "dp", 0, -0.234375, 0.008797860448157117, 2.e-9, 1.0137016021052643, 5.e-8, 0.006043282555851062, 9.e-10, 9.672519775363028e-6, 3.e-12, 0.24709273215897573, 2.e-8, 3.4779900293220137e-6, 9.e-13, 0.002776869496869999, 0.0014858774687499972, "ErrScale 1e-4"}
{2009, 11, 12, 128, 1, 0.7, 0.0001, "dp", 0, -0.2781249999999998, 0.01041685458040861, 4.e-7, 1.0160940557339104, 1.e-6, 0.007745005079469135, 2.e-7, 0.000012997646896809679, 8.e-10, 0.24033770337282398, 5.e-6, 4.829735610565517e-6, 3.e-10, 0.0033847923116925, 0.0021242459374999994, "ErrScale 1e-4"}
{2009, 11, 13, 128, 10, 0, 0.0001, "dp", 0, 0, 0., 0, 1.1610050863016135, 0.006, 0., 0, 0., 0, 0.3471022429608761, 0.003, 0., 0, 0, 0, "ErrScale 1e-4"}
{2009, 11, 13, 128, 10, 0.1, 0.0001, "dp", 0, -0.029955818264148906, 0.014414576419225068, 0.00002, 1.0288746153861092, 0.005, 0.007202927774585153, 0.00001, 0.000028903835247422917, 9.e-8, 0.2754363372146436, 0.0025, 9.647093812795906e-6, 4.e-8, 0.003787706596146249, 0.00044846393750000175, "ErrScale 1e-4"}
{2009, 11, 13, 128, 10, 0.2, 0.0001, "dp", 0, -0.05899855931232548, 0.027796574612773173, 0.0001, 0.9983109883015534, 0.0003, 0.014663242230351627, 0.0001, 0.0001064151180116181, 3.e-7, 0.2599924040573302, 0.00015000000000000001, 0.00003571758925587382, 9.e-8, 0.007931810187162502, 0.0015777153437499982, "ErrScale 1e-4"}
{2009, 11, 13, 128, 10, 0.3, 0.0001, "dp", 0, -0.08944725942628125, 0.041487657882208095, 0.0001, 0.9826206740542778, 0.003, 0.0231567092789724, 0.00006, 0.00023460788721578468, 1.e-6, 0.2551004537252419, 0.00015000000000000001, 0.00007946942692542395, 4.e-7, 0.012162517089725003, 0.0034163687500000017, "ErrScale 1e-4"}
{2009, 11, 13, 128, 10, 0.4, 0.0001, "dp", 0, -0.12094285300730055, 0.05501053716927104, 0.0004, 0.9818305524780387, 0.001, 0.03258165844435841, 0.0004, 0.00040606993393011814, 4.e-6, 0.2498846623549588, 0.0002, 0.0001393734877922223, 2.e-6, 0.0165332614068, 0.0060298048437500106, "ErrScale 1e-4"}
{2009, 11, 13, 128, 10, 0.5, 0.0001, "dp", 0, -0.15411136906925726, 0.06825534137888721, 0.0005, 0.9738135997251538, 0.001, 0.04305854127623717, 0.0008, 0.0006131164123059034, 5.e-6, 0.24331846293331597, 0.0003, 0.00021428142614955852, 2.e-6, 0.021045612736774993, 0.009447240781249998, "ErrScale 1e-4"}
{2009, 11, 13, 128, 10, 0.6, 0.0001, "dp", 0, -0.1896488459435591, 0.08110953717330867, 0.0006, 0.9642191088232988, 0.0012, 0.05484813348790914, 0.0004, 0.0008167256570751605, 9.e-6, 0.23522318933686728, 0.0004, 0.0002924650376704302, 4.e-6, 0.025670134665225, 0.013715496406250003, "ErrScale 1e-4"}
{2009, 12, 4, 100, 10, 0.5, 0.0001, "epsr", 0, 0.11499411377539527, 0.06035485261039909, 0.0002, 0.9545669436778645, 0.0012, 0.035022209973279234, 0.0001, 0.0005142710908795985, 4.e-6, 0.24702318051878425, 0.0005, 0.00017964010949259482, 1.e-6, 0.01912086350000012, 0.008670188400000178, "ErrScale 1e-4"}
{2009, 12, 4, 100, 20, 0.5, 0.0001, "epsr", 0, 0.20242854838276195, 0.09677975621802959, 0.0008, 0.893386820733867, 0.0025, 0.05562310229529524, 0.0005, 0.0013877069575773747, 0.00002, 0.22321319557239058, 0.001, 0.0004888877303903627, 9.e-6, 0.03192251800000019, 0.014458019000000284, "ErrScale 1e-4"}
{2009, 12, 4, 100, 30, 0.5, 0.0001, "epsr", 0, 0.2853326364381645, 0.11241772542394086, 0.0008, 0.8321803291192417, 0.002, 0.06482073623433769, 0.0005, 0.0019947818367830536, 0.00003, 0.19961136496994467, 0.0012, 0.0007105828254603062, 0.00001, 0.038613434100000225, 0.017539992000000365, "ErrScale 1e-4"}
{2009, 12, 4, 100, 40, 0.5, 0.0001, "epsr", 0, 0.34921215971661107, 0.11688053763944253, 0.001, 0.7824685776212651, 0.0006, 0.06865610639628533, 0.0006, 0.0023217750582905546, 0.00004, 0.18100479746974077, 0.001,  0.0008370822306732172, 0.00001, 0.041624510000000246, 0.018985776000000364,  "ErrScale 1e-4"}
{2009, 12, 4, 100, 50, 0.5, 0.0001, "epsr", 0, 0.39609146756711605, 0.11805787320639297, 0.007, 0.7421406061550021, 6.e-6, 0.07127774742575389, 0.02, 0.0025495809972422446, 5.e-7, 0.16860296695428084, 1.e-6, 0.0009316372321335289, 5.e-7, 0.04272132130000024, 0.019561888200000377, "ErrScale 1e-4"}
{2010, 1, 14, 64, 10, 0.5, 0.0001, "dp1", 0, -0.15484593957308104, 0.06795745809105394, 6.e-6, 0.9790211100154612, 1.e-8, 0.043017128575658856, 6.e-7, 0.0006104661380527778, 3.e-9, 0.24495154816498063, 5.e-9, 0.00021323193049960375, 3.e-9, 0.020974286874999998, 0.010065316875000008, "ErrScale 1e-4"}
{2010, 12, 16, 256, 20, 0.5, 0.0001, "dp", 0, -0.08126231893582465, 0.12124654339679491, 8.e-6, 0.9217754605919004, 0.00002, 0.07460263715320799, 4.e-6, 0.0020355187790389944, 2.e-7, 0.23639687106146323, 0.00001, 0.0007075101205736079, 7.e-8, 0.028931617199943912, 0.0007217183345299052, "ErrScale 1e-4"}
{2010, 12, 16, 256, 25, 0.5, 0.0001, "dp", 0, -0.005859374999999831, 0.12848167039099395, 2.e-7, 0.863962438607257, 8.e-8, 0.07880994739697268, 5.e-7, 0.002330201887177656, 2.e-9, 0.21414265901927917, 6.e-8, 0.0008102757709630556, 3.e-9, 0.035164193549425, 0.0008669451919487998, "ErrScale 1e-4"}
{2010, 12, 16, 256, 30, 0.5, 0.0001, "dp", 0, 0.04786500915487881, 0.13728627750470254, 4.e-7, 0.8248630793815682, 3.e-7, 0.08403263035376704, 4.e-7, 0.0027399614623956027, 7.e-9, 0.20287140351800323, 3.e-7, 0.0009526009091558713, 3.e-9, 0.03842846001628274, 0.0009475542095900638, "ErrScale 1e-4"}
{2010, 12, 16, 256, 35, 0.5, 0.0001, "dp", 0, 0.09632144988044782, 0.1428376632494188, 2.e-7, 0.7897990440393982, 3.e-7, 0.08758264905202962, 4.e-7, 0.0030582875642258516, 7.e-9, 0.19278473546833272, 2.e-7, 0.0010639015119580895, 4.e-9, 0.04069926124776051, 0.0010073993600928956, "ErrScale 1e-4"}
{2010, 12, 16, 256, 40, 0.5, 0.0001, "dp", 0, 0.140625, 0.14592843694169863, 3.e-7, 0.7591711308135104, 5.e-7, 0.08996866339735485, 2.e-7, 0.0032926962598492644, 5.e-9, 0.18369330235402712, 2.e-7, 0.0011469262287379875, 4.e-9, 0.0422760561682622, 0.0010529751732651776, "ErrScale 1e-4"}
{2010, 12, 16, 256, 45, 0.5, 0.0001, "dp", 0, 0.17868388576525907, 0.14724538968224019, 5.e-7, 0.7305470082408125, 1.e-8, 0.09159015395163164, 4.e-7, 0.0034590399882474944, 5.e-9, 0.17557454010328477, 2.e-7, 0.0012071467474358897, 6.e-9, 0.04333946426242913, 0.0010977405806869272, "ErrScale 1e-4"}
{2010, 12, 16, 256, 50, 0.5, 0.0001, "dp", 0, 0.21400025176742896, 0.14726804330190796, 4.e-7, 0.7057543852900114, 2.e-7, 0.09267558379046949, 5.e-7, 0.0035710633566766094, 2.e-8, 0.16834834168970986, 4.e-7, 0.0012492188963601413, 9.e-9, 0.04404775627395245, 0.001137604874869927, "ErrScale 1e-4"}
{2010, 12, 16, 256, 55, 0.5, 0.0001, "dp", 0, 0.2421875, 0.14636203006405754, 4.e-7, 0.6837460588062939, 2.e-7, 0.09343213950156179, 7.e-7, 0.0036399461459375956, 2.e-8, 0.1619105271190282, 2.e-7, 0.0012768633000260563, 8.e-9, 0.04447354379089243, 0.0011710505340788713, "ErrScale 1e-4"}
{2010, 12, 16, 256, 60, 0.5, 0.0001, "dp", 0, 0.2690448102768385, 0.14476867803492005, 4.e-7, 0.6641716079136699, 3.e-7, 0.09393535792862277, 5.e-7, 0.0036748858759936068, 2.e-8, 0.15616064013402234, 2.e-7, 0.0012930708045943867, 6.e-9, 0.04467601700307709, 0.0012002266883034355, "ErrScale 1e-4"}
{2010, 12, 16, 256, 65, 0.5, 0.0001, "dp", 0, 0.29211683471408384, 0.14268874730445943, 5.e-7, 0.6466074201025509, 4.e-7, 0.09426765022527991, 3.e-7, 0.0036835044490241345, 2.e-8, 0.15101749058790717, 3.e-8, 0.0013003303791223227, 6.e-9, 0.04471601937989576, 0.0012265180993784285, "ErrScale 1e-4"}
{2010, 12, 16, 256, 70, 0.5, 0.0001, "dp", 0, 0.30802905721509233, 0.14053363911132577, 0.00002, 0.6301418960834968, 0.00003, 0.09429621592875137, 9.e-6, 0.003655150714608182, 8.e-7, 0.1468524817800392, 7.e-6, 0.0012970275120854971, 2.e-7, 0.044505256344462396, 0.00124337022228126, "ErrScale 1e-4"}
{2010, 12, 16, 256, 75, 0.5, 0.0001, "dp", 0, 0.3255416902134746, 0.13789854001030316, 0.00001, 0.6161152569665954, 0.00003, 0.09451670947488064, 0.00003, 0.003662369949947564, 2.e-6, 0.14261447708547337, 6.e-6, 0.0012922222835264868, 9.e-7, 0.04433189736412517, 0.0012655112101491919, "ErrScale 1e-4"}
{2010, 12, 16, 256, 80, 0.5, 0.0001, "dp", 0, 0.3411666902134782, 0.13511313805483371, 0.00001, 0.6037091269952991, 0.00003, 0.0948008638117681, 0.00003, 0.003623386379504983, 2.e-6, 0.1387190835318432, 6.e-6, 0.0012924651660874713, 6.e-7, 0.04407170170720789, 0.0012865637230407932, "ErrScale 1e-4"}
{2010, 12, 16, 256, 85, 0.5, 0.0001, "dp", 0, 0.3550424513682346, 0.132224682354129, 0.00001, 0.59266504373796, 0.00003, 0.09480711873618626, 0.00003, 0.0035750713368040018, 2.e-6, 0.13515375135759067, 5.e-6, 0.0012793892778444076, 5.e-7, 0.04377062203676799, 0.0013060234613755453, "ErrScale 1e-4"}
{2010, 12, 16, 256, 90, 0.5, 0.0001, "dp", 0, 0.3671875, 0.1323445680869097, 0.00004, 0.5827412619550295, 0.00004, 0.0947741787977999, 0.00002, 0.0035197044123761426, 1.e-6, 0.1318763637998411, 4.e-6, 0.0012635094510593465, 4.e-7, 0.04341175862795063, 0.0013242340197251352, "ErrScale 1e-4"}
{2010, 12, 16, 256, 95, 0.5, 0.0001, "dp", 0, 0.37798284213123734, 0.13276627311954697, 0.00004, 0.5737247519067974, 0.00004, 0.09469925907439213, 0.00002, 0.0034595123467549096, 7.e-7, 0.12885075114842992, 4.e-6, 0.0012455037795791703, 3.e-7, 0.043001666198670754, 0.0013414594735583242, "ErrScale 1e-4"}
{2010, 12, 16, 256, 100, 0.5, 0.0001, "dp", 0, 0.38775699118556295, 0.1330553948076009, 0.00004, 0.5655208782467852, 0.00004, 0.09460115542167544, 0.00002, 0.0033959722218895568, 8.e-7, 0.12604513209515025, 3.e-6, 0.0012259847377802365, 3.e-7, 0.042572496574394554, 0.0013570246587846484, "ErrScale 1e-4"}
{2010, 12, 16, 256, 105, 0.5, 0.0001, "dp", 0, 0.3958227469130333, 0.13337789541612013, 0.00004, 0.5515245775660895, 0.00007, 0.09431324522168032, 0.00003, 0.0032565553725941196, 4.e-6, 0.12105862008090011, 0.00001, 0.0011820484229272436, 1.e-6, 0.04212349089950558, 0.0013719817398334753, "ErrScale 1e-4"}
{2010, 12, 16, 256, 110, 0.5, 0.0001, "dp", 0, 0.4039195854345271, 0.1334649086043958, 0.00003, 0.5453947174835321, 0.00009, 0.0941283884744978, 0.00002, 0.003186967551829953, 4.e-6, 0.11879209829113925, 0.000015, 0.0011593594298858713, 2.e-6, 0.041643843542657655, 0.0013858074302158952, "ErrScale 1e-4"}
{2010, 12, 16, 256, 115, 0.5, 0.0001, "dp", 0, 0.4111946309734112, 0.13345372743418532, 0.00002, 0.5394917991670589, 0.0001, 0.0939417424156275, 0.00002, 0.0031174654488904095, 5.e-6, 0.11665792960566573, 0.00002, 0.001136343580263234, 2.e-6, 0.04115338165082248, 0.0013980584104512864, "ErrScale 1e-4"}
{2010, 12, 17, 512, 30, 0.5, 0.0001, "dp", 0, 0.04430180374618277, 0.13801330716995228, 0.0001, 0.8268124394290327, 0.0002, 0.08437340199451042, 0.00004, 0.002773031685960199, 4.e-6, 0.20414251375603953, 0.0002, 0.000963929551644434, 2.e-6, 0.004315032477250876, 0.000055851789351024205, "ErrScale 1e-4"}
{2010, 12, 17, 512, 40, 0.5, 0.0001, "dp", 0, 0.13805178106439892, 0.1461377745410973, 2.e-7, 0.7594991853151486, 4.e-7, 0.09006471540129098, 2.e-7, 0.0033067866312324052, 9.e-9, 0.18446950069650495, 3.e-7, 0.0011518696576413498, 3.e-9, 0.04202375489098947, 0.00039923347549124244, "ErrScale 1e-4"}
{2011, 12, 17, 512, 50, 0.5, 0.0001, "1", 0, 0.20886519690094435, 0.1472644219161949, 4.09e-6, 0.7064114085298959, 0.0000132, 0.09266097440128357, 2.61e-6, 0.003574052502481893, 2.48e-7, 0.1689958232528728, 7.18e-6, 0.0012504414109097564, 8.77e-8, 0.04378889419074418, 0.0004327256566341274, "ErrScale 1e-4"}
{2010, 12, 20, 256, 30, 0.5, 0.0001, "1", 0, 0.1742188118806661, 0.12166984440581131, 0.0000847, 0.8138635407068044, 0.000279, 0.07225120404891085, 0.0000433, 0.0022550331839317176, 3.36e-6, 0.1966553656207056, 0.000134, 0.0007934586069338032, 1.19e-6, 0.03485881592717215, 0.0008432854188228957, "ErrScale 1e-4"}
{2010, 12, 20, 256, 40, 0.5, 0.0001, "1", 0, 0.2523797956468449, 0.12726423722279642, 0.0000132, 0.755742669071934, 0.0000452, 0.07670475484448751, 7.35e-6, 0.0026390017752282134, 6.31e-7, 0.17760645256490332, 0.0000223, 0.0009352645990331558, 2.29e-7, 0.038286802830622337, 0.000961541306310874, "ErrScale 1e-4"}
{2010, 12, 20, 256, 50, 0.5, 0.0001, "1", 0, 0.3109866453574916, 0.1270879880558343, 0.0000145, 0.710057231028355, 0.0000485, 0.07871704689366528, 8.94e-6, 0.00282738301014597, 7.32e-7, 0.1631492272224705, 0.0000225, 0.0010099005833371676, 2.68e-7, 0.039789922761304136, 0.001039980314272642, "ErrScale 1e-4"}
{2010, 12, 20, 256, 60, 0.5, 0.0001, "1", 0, 0.3543958242417218, 0.12348371737902457, 0.0000315, 0.6727000115061179, 0.0000533, 0.0794395958103643, 0.0000117, 0.0028795077499121566, 9.34e-7, 0.15151534889326265, 0.0000205, 0.0010364174383830041, 3.31e-7, 0.040257459256641016, 0.0010970971369575564, "ErrScale 1e-4"}
{2010, 12, 20, 256, 70, 0.5, 0.0001, "1", 0, 0.3882676663779908, 0.11857036226844711, 0.0000844, 0.6418156194687202, 0.0000655, 0.07941678479553609, 0.0000197, 0.002832432494153944, 2.28e-6, 0.14202890562580028, 0.0000181, 0.0010285952628124764, 6.66e-7, 0.040148590729970235, 0.0011413513413499297, "ErrScale 1e-4"}
{2010, 12, 20, 256, 80, 0.5, 0.0001, "1", 0, 0.414759156073368, 0.11683436114239432, 0.0000274, 0.615771950794673, 0.0000884, 0.07754430118510271, 0.0000869, 0.0027789863409789636, 5.83e-6, 0.13415028089689598, 0.0000156, 0.00101290919146596, 2.04e-6, 0.0396996946320798, 0.001178394260501106, "ErrScale 1e-4"}
{2010, 12, 20, 256, 90, 0.5, 0.0001, "1", 0, 0.4353076493772887, 0.10469077516332406, 0.00021, 0.5932267431596433, 0.00013, 0.07853488939620165, 0.0000923, 0.0027354979441437557, 3.69e-6, 0.12748339290586158, 0.0000127, 0.0010024965898544423, 1.46e-6, 0.03903087521555092, 0.0012207157135621395, "ErrScale 1e-4"}
{2010, 12, 20, 256, 100, 0.5, 0.0001, "1", 0, 0.4519379081387345, 0.11976744771568802, 0.000107, 0.5719947179815481, 0.000224, 0.07909443891468651, 0.0000567, 0.0026341107326730002, 2.4e-6, 0.12173655053696146, 9.87e-6, 0.0009687405993176474, 9.67e-7, 0.03825684290074556, 0.0012620661238064907, "ErrScale 1e-4"}
{2010, 12, 20, 256, 110, 0.5, 0.0001, "1", 0, 0.4660168645888579, 0.11995481848754275, 0.0000814, 0.5428376157658025, 0.000544, 0.078564823800235, 0.0000407, 0.002529006341853125, 1.45e-6, 0.11670477753756385, 6.78e-6, 0.0009321797537650865, 5.44e-7, 0.03741430413624475, 0.0012983284326098595, "ErrScale 1e-4"}
{2010, 12, 20, 256, 120, 0.5, 0.0001, "1", 0, 0.47773611643045083, 0.11996352281380215, 0.0000365, 0.4709526783697695, 0.000726, 0.0779757512485194, 0.0000175, 0.0024249478025452193, 4.71e-7, 0.11226479621440337, 2.1e-6, 0.0008949119038909316, 1.71e-7, 0.036552501194974815, 0.0013309121464644834, "ErrScale 1e-4"}
{2010, 12, 20, 256, 130, 0.5, 0.0001, "1", 0, 0.48740758055984673, 0.11979095550220037, 0.0000348, 0.5390028268268667, 0.000336, 0.07735550363690172, 0.0000122, 0.0023264665696001636, 7.77e-7, 0.10819620438196041, 2.67e-6, 0.0008588011596492318, 2.81e-7, 0.03566967651426434, 0.0013601054454083572, "ErrScale 1e-4"}
{2010, 12, 20, 256, 140, 0.5, 0.0001, "1", 0, 0.4961634072857303, 0.11947933785310534, 0.0000252, 0.5286295613592562, 0.000412, 0.0767248640393492, 0.0000118, 0.002235037282563707, 1.36e-6, 0.10451340572354739, 2.11e-6, 0.0008246796880900714, 4.99e-7, 0.03482400071408355, 0.001385931175883565, "ErrScale 1e-4"}
{2010, 12, 20, 256, 150, 0.5, 0.0001, "1", 0, 0.503975643628536, 0.11907778466409338, 0.000342, 0.5193178553059621, 0.00045, 0.07610598585142062, 0.0000176, 0.002150777057959412, 1.94e-6, 0.10117647574876229, 4.84e-7, 0.000792803841660025, 7.22e-7, 0.033984164079012766, 0.0014090652767507217, "ErrScale 1e-4"}
{2010, 12, 20, 256, 160, 0.5, 0.0001, "1", 0, 0.5108449345469979, 0.11867617566234703, 0.0000572, 0.5108761106833557, 0.000465, 0.07553653027929441, 0.0000345, 0.002074004738532084, 2.56e-6, 0.09813927334995982, 2.88e-6, 0.0007634692805076118, 9.69e-7, 0.0331977390629793, 0.001429349966925792, "ErrScale 1e-4"}
{2010, 12, 20, 256, 170, 0.5, 0.0001, "1", 0, 0.5201891198101988, 0.11701546315770706, 0.000136, 0.5032185301099605, 0.0000157, 0.07413546651064616, 0.000105, 0.0019495062221163225, 7.88e-6, 0.09660672814055934, 2.65e-6, 0.0007152141406016946, 2.99e-6, 0.03250019191461989, 0.0014615132715958472, "ErrScale 1e-4"}
{2011, 1, 20, 256, 30, 0.6, 0.0001, "1", 0, 0.18903790685828642, 0.12688010129830674, 0.0000659, 0.7723968766805834, 0.000214, 0.08053741284142826, 0.0000363, 0.002505286328228526, 2.87e-6, 0.18215757737799973, 0.0001, 0.0009026300497823275, 1.04e-6, 0.03698542688451516, 0.0009075291658203356, "ErrScale 1e-4"}
{2011, 1, 20, 256, 40, 0.6, 0.0001, "1", 0, 0.264877523454393, 0.1299341639679874, 0.0000112, 0.7148267723088957, 0.0000378, 0.08428488201105315, 6.97e-6, 0.002843673777154687, 5.95e-7, 0.16405773825038888, 0.0000188, 0.0010327303539690042, 2.21e-7, 0.03991913293839217, 0.0010221903942186708, "ErrScale 1e-4"}
{2011, 1, 20, 256, 50, 0.6, 0.0001, "1", 0, 0.3203125, 0.12761044691746612, 0.0000125, 0.6703904106504012, 0.0000418, 0.08569022306097251, 8.5e-6, 0.002979851846442448, 6.96e-7, 0.15045743873556972, 0.0000188, 0.0010910869124469208, 2.63e-7, 0.04102322503056963, 0.0010989932405003101, "ErrScale 1e-4"}
{2011, 1, 20, 256, 60, 0.6, 0.0001, "1", 0, 0.36150573995698426, 0.12248817817992103, 0.0000207, 0.6347662533681843, 0.0000395, 0.08595186593563775, 0.0000109, 0.0029896996331191072, 8.89e-7, 0.1396638797709991, 0.0000165, 0.001102983371250951, 3.31e-7, 0.04119387653569015, 0.0011550886012259235, "ErrScale 1e-4"}
{2011, 1, 20, 256, 70, 0.6, 0.0001, "1", 0, 0.3936786594444018, 0.11981734581339482, 0.000019, 0.6057960452803948, 0.0000392, 0.08565647968670338, 0.0000142, 0.0029245926174336547, 1.4e-6, 0.13092032807894166, 0.0000128, 0.001086143473322076, 4.98e-7, 0.040834851217389084, 0.0012002932592603977, "ErrScale 1e-4"}
{2011, 1, 20, 256, 80, 0.6, 0.0001, "1", 0, 0.41796867500000007, 0.12069919214550905, 0.0000168, 0.5819064432707687, 0.000028, 0.08498915085302604, 0.0000145, 0.002769943074362887, 3.43e-6, 0.12368969757497082, 7.06e-6, 0.0010395158879995452, 1.e-6, 0.040179519103759165, 0.0012502783078664555, "ErrScale 1e-4"}
{2011, 1, 20, 256, 90, 0.6, 0.0001, "1", 0, 0.4375, 0.12021621972842793, 0.0000355, 0.5616615315135149, 0.000035, 0.08281967440872373, 0.0000545, 0.0027602526300375607, 3.13e-6, 0.11753969959533021, 6.22e-6, 0.0010343991655526327, 1.22e-6, 0.03937938532848802, 0.0012970323678635405, "ErrScale 1e-4"}
{2011, 1, 20, 256, 100, 0.6, 0.0001, "1", 0, 0.45379452472956827, 0.12124502552664898, 0.000125, 0.543701257926683, 0.000101, 0.0842842191266347, 0.0000674, 0.002646280490297169, 3.58e-6, 0.11217687872167803, 0.0000105, 0.000993888000220231, 1.39e-6, 0.03848724405303905, 0.0013382876260304472, "ErrScale 1e-4"}
{2011, 1, 20, 256, 110, 0.6, 0.0001, "1", 0, 0.4675014974551113, 0.12272975557910148, 0.000117, 0.5270956381225379, 0.000212, 0.08351366883351184, 0.0000672, 0.0025323105423807747, 3.22e-6, 0.1074767488862665, 0.0000121, 0.0009519314553832893, 1.23e-6, 0.03757211210987908, 0.0013745392896226446, "ErrScale 1e-4"}
{2011, 1, 20, 256, 120, 0.6, 0.0001, "1", 0, 0.47836533307729, 0.12259466250274761, 0.000107, 0.5078505758335861, 0.000484, 0.08270441963351083, 0.0000596, 0.002422690668781137, 2.66e-6, 0.1032937007111062, 0.0000119, 0.0009104982885404148, 9.98e-7, 0.03663085619187192, 0.0014065770731088798, "ErrScale 1e-4"}
{2011, 1, 20, 256, 130, 0.6, 0.0001, "1", 0, 0.48836323951444, 0.12225131278648389, 0.0000895, 0.3950112159345485, 0.00449, 0.08188373598501948, 0.0000483, 0.0023199892125041984, 2.45e-6, 0.09952213127784731, 0.0000111, 0.0008709114849607325, 9.13e-7, 0.03572834078017939, 0.0014353413610364673, "ErrScale 1e-4"}
{2011, 1, 20, 256, 140, 0.6, 0.0001, "1", 0, 0.49706559255452937, 0.12186960504626258, 0.0000711, 0.4956327199146112, 0.000528, 0.08106400825499398, 0.0000349, 0.0022248258362586454, 2.23e-6, 0.0960947104360657, 9.47e-6, 0.0008336785993454197, 8.38e-7, 0.034836950438060295, 0.0014602918441882068, "ErrScale 1e-4"}
{2011, 1, 20, 256, 150, 0.6, 0.0001, "1", 0, 0.5048782316383867, 0.12133223522380171, 0.0000537, 0.49175021779183054, 0.000576, 0.08025121996686051, 0.0000278, 0.002137752741036892, 2.51e-6, 0.09293939179532018, 8.81e-6, 0.0007992270093088607, 9.52e-7, 0.033999137191087186, 0.0014831148783111586, "ErrScale 1e-4"}
{2011, 1, 20, 256, 160, 0.6, 0.0001, "1", 0, 0.5117186734265735, 0.1207829514248234, 0.0000408, 0.4837816884917091, 0.000577, 0.0794713657547641, 0.0000266, 0.002057882281655412, 2.64e-6, 0.09004387288224346, 7.19e-6, 0.0007673701396251875, 1.e-6, 0.03319786373448455, 0.0015026261073138728, "ErrScale 1e-4"}
{2011, 1, 20, 256, 170, 0.6, 0.0001, "1", 0, 0.5182211588521397, 0.12018310378284444, 0.0000322, 0.47644575343997836, 0.000573, 0.07872802015374371, 0.0000286, 0.0019849461576825276, 2.79e-6, 0.08737345578735134, 5.21e-6, 0.0007381230959706416, 1.07e-6, 0.03241553969876256, 0.0015200695863716858, "ErrScale 1e-4"}
{2011, 1, 20, 256, 180, 0.6, 0.0001, "1", 0, 0.525177723185729, 0.11951606111656898, 0.000035, 0.4696309419841152, 0.000565, 0.07801331995635956, 0.0000342, 0.0019184248020692274, 2.99e-6, 0.08490994972232739, 3.19e-6, 0.0007113630530455301, 1.15e-6, 0.03169757558574443, 0.0015357282662895417, "ErrScale 1e-4"}
{2011, 1, 20, 256, 190, 0.6, 0.0001, "1", 0, 0.53125, 0.1189903170150566, 0.0000793, 0.4632646892665436, 0.000568, 0.07738711160215074, 0.0000491, 0.0018577698131077925, 3.24e-6, 0.08263816968354963, 1.06e-6, 0.0006869230855455096, 1.25e-6, 0.031013953731260622, 0.0015495948339245848, "ErrScale 1e-4"}
{2011, 1, 20, 256, 200, 0.6, 0.0001, "1", 0, 0.5365687706467216, 0.12532629317682273, 0.00262, 0.4572850227862533, 0.000554, 0.07689989689213192, 0.0000903, 0.0018028179015472175, 3.58e-6, 0.08054648403677946, 2.42e-6, 0.0006647560863334167, 1.38e-6, 0.030361687448457388, 0.0015618981122178088, "ErrScale 1e-4"}
{2011, 1, 20, 256, 210, 0.6, 0.0001, "1", 0, 0.5414744610984147, 0.12201530602217715, 0.00103, 0.45158330253363155, 0.00046, 0.07628905958249813, 0.0000702, 0.0017483561695227322, 2.61e-6, 0.07854883354394795, 2.25e-6, 0.0006428775429931487, 1.e-6, 0.02974380049966688, 0.001572953123202537, "ErrScale 1e-4"}
{2011, 1, 20, 256, 220, 0.6, 0.0001, "1", 0, 0.548117139343656, 0.11446025605814204, 0.000183, 0.445966341404518, 0.000036, 0.07353363036767284, 0.00015, 0.001624234098881283, 7.8e-6, 0.07811961605351353, 9.77e-6, 0.0005942099004253561, 3.12e-6, 0.029103795886426424, 0.0015960913665034415, "ErrScale 1e-4"}
{2011, 1, 24, 256, 30, 0.7, 0.0001, "1", 0, 0.203125, 0.12860956150113664, 0.0000519, 0.7345691674975681, 0.000155, 0.08766340938607688, 0.0000304, 0.0026308112414366413, 2.4e-6, 0.1687806372552409, 0.0000773, 0.0009759793531994009, 9.04e-7, 0.03815600259831092, 0.0009493480544864076, "ErrScale 1e-4"}
{2011, 1, 24, 256, 40, 0.7, 0.0001, "1", 0, 0.2749999539206973, 0.12942728778488627, 8.53e-6, 0.6788176262182363, 0.0000303, 0.09070728109060446, 5.91e-6, 0.002918160304162813, 4.9e-7, 0.15188100653356135, 0.0000148, 0.0010917620853259985, 1.88e-7, 0.040680736087911035, 0.001060377719888381, "ErrScale 1e-4"}
{2011, 1, 24, 256, 50, 0.7, 0.0001, "1", 0, 0.328125, 0.1253848470729196, 6.02e-6, 0.636331261517286, 0.0000206, 0.09154024101251208, 4.98e-6, 0.003009600127340504, 3.99e-7, 0.13926420746635548, 0.0000111, 0.0011353307066682059, 1.57e-7, 0.04146750061633102, 0.0011353707895453181, "ErrScale 1e-4"}
{2011, 1, 24, 256, 60, 0.7, 0.0001, "1", 0, 0.3678716830946546, 0.12017086539331485, 3.63e-6, 0.6027163536212233, 7.91e-6, 0.09140275149508917, 2.15e-6, 0.0029894147808840446, 1.67e-7, 0.12933682859325007, 3.83e-6, 0.001135877792977188, 6.68e-8, 0.04139229809781513, 0.00119088076476518, "ErrScale 1e-4"}
{2011, 1, 24, 256, 70, 0.7, 0.0001, "1", 0, 0.39711527117169415, 0.12158474501331692, 0.0000163, 0.5754895568571191, 0.0000279, 0.09073035964155768, 0.0000106, 0.002904587053095917, 9.34e-7, 0.12122676122323796, 0.0000109, 0.001109925994357701, 3.59e-7, 0.040871387582731164, 0.0012502010997054941, "ErrScale 1e-4"}
{2011, 1, 24, 256, 80, 0.7, 0.0001, "1", 0, 0.4211830153867556, 0.12226637381242779, 0.0000267, 0.5531355968764488, 0.0000399, 0.08979806639323977, 0.0000193, 0.0027783958065399246, 2.53e-6, 0.11452057415429305, 0.0000115, 0.0010662851584175128, 9.36e-7, 0.04010524384685382, 0.0013042063312486024, "ErrScale 1e-4"}
{2011, 1, 24, 256, 90, 0.7, 0.0001, "1", 0, 0.4396502381478659, 0.12217780477807565, 0.0000447, 0.5343954963343858, 0.0000518, 0.0884974698456786, 0.0000391, 0.0026797359721014978, 4.04e-6, 0.10883083700934022, 0.0000109, 0.001030650836850291, 1.58e-6, 0.03920515309730269, 0.001351281282039079, "ErrScale 1e-4"}
{2011, 1, 24, 256, 100, 0.7, 0.0001, "1", 0, 0.4550781796882147, 0.11753407486853844, 0.00022, 0.5183735735638247, 0.0000673, 0.08787810537396612, 0.0000649, 0.002587521955993069, 4.32e-6, 0.10390300586727644, 0.0000105, 0.0009963361653026245, 1.69e-6, 0.038273235550411, 0.001391661009921803, "ErrScale 1e-4"}
{2011, 1, 24, 256, 110, 0.7, 0.0001, "1", 0, 0.46809893718451995, 0.12235109692259524, 0.000134, 0.5044175476505892, 0.0000862, 0.08736303074727732, 0.0000728, 0.0024728150163754914, 4.08e-6, 0.09956391455712157, 0.0000103, 0.0009516733887317808, 1.58e-6, 0.03730667027929288, 0.0014278757520560675, "ErrScale 1e-4"}
{2011, 1, 24, 256, 120, 0.7, 0.0001, "1", 0, 0.4796440604016575, 0.12337772753310051, 0.000115, 0.49181641066016774, 0.000115, 0.08634779865221139, 0.0000688, 0.0023645188214419153, 3.75e-6, 0.09569296761244105, 0.0000102, 0.000908549283035593, 1.44e-6, 0.03637398785116856, 0.001459421393659771, "ErrScale 1e-4"}
{2011, 1, 24, 256, 130, 0.7, 0.0001, "1", 0, 0.4889323643579488, 0.12302849913565099, 0.000106, 0.4801925193618583, 0.000156, 0.08534052107191109, 0.0000633, 0.002263782082218969, 3.34e-6, 0.09219837789431293, 0.0000101, 0.0008677583435451845, 1.27e-6, 0.03545147033340862, 0.0014873460822398344, "ErrScale 1e-4"}
{2011, 1, 24, 256, 140, 0.7, 0.0001, "1", 0, 0.4976155401260009, 0.12249678373667189, 0.0000944, 0.46876516538379565, 0.000224, 0.08434992195728523, 0.0000564, 0.0021707963927639503, 2.91e-6, 0.08901624631163303, 0.0000101, 0.0008296499689692285, 1.14e-6, 0.03458631475971737, 0.001512258283840404, "ErrScale 1e-4"}
{2011, 1, 24, 256, 150, 0.7, 0.0001, "1", 0, 0.5054281615476641, 0.1219700607800399, 0.0000839, 0.45572933126047993, 0.00037, 0.08338122763112443, 0.0000469, 0.002085438408128072, 2.49e-6, 0.08609469227318088, 0.00001, 0.0007944066177375339, 9.55e-7, 0.03375950948049826, 0.001534432203145502, "ErrScale 1e-4"}
{2011, 1, 24, 256, 160, 0.7, 0.0001, "1", 0, 0.5130920892498949, 0.12133883490378669, 0.0000693, 0.43351256407446825, 0.000828, 0.0824599612001044, 0.000038, 0.0020073120976163497, 2.31e-6, 0.08340227144002085, 9.81e-6, 0.0007619922686608638, 9.03e-7, 0.032955072408087205, 0.0015534306124114871, "ErrScale 1e-4"}
{2011, 1, 24, 256, 170, 0.7, 0.0001, "1", 0, 0.519531325, 0.12066264644415482, 0.0000583, 0.4491319521916653, 0.000468, 0.08156454692478186, 0.0000304, 0.0019358359564335356, 2.26e-6, 0.08090552254555548, 9.44e-6, 0.0007322700189561595, 8.98e-7, 0.03221423268412843, 0.001570700778869727, "ErrScale 1e-4"}
{2011, 1, 24, 256, 180, 0.7, 0.0001, "1", 0, 0.5261149271138666, 0.12001824650397697, 0.0000437, 0.44702913334636907, 0.000522, 0.08070367108615545, 0.0000276, 0.0018702772819715887, 2.29e-6, 0.07859133825738708, 8.91e-6, 0.0007050024866810022, 9.19e-7, 0.03151027690061213, 0.001586008768632916, "ErrScale 1e-4"}
{2011, 1, 24, 256, 190, 0.7, 0.0001, "1", 0, 0.532527437271165, 0.11931025004765328, 0.0000332, 0.4408533659320916, 0.000525, 0.0798996050193027, 0.0000276, 0.0018101192820162597, 2.37e-6, 0.07643544600255231, 8.07e-6, 0.0006800159702773437, 9.56e-7, 0.030840058854534072, 0.0015996612846529631, "ErrScale 1e-4"}
{2011, 1, 24, 256, 200, 0.7, 0.0001, "1", 0, 0.5377947434165918, 0.11856859353008625, 0.00003, 0.435046106788702, 0.000535, 0.07912401673755577, 0.00003, 0.0017547681534906285, 2.47e-6, 0.07442952045960743, 6.91e-6, 0.0006570840852028237, 1.e-6, 0.030204698142281917, 0.0016117688707163987, "ErrScale 1e-4"}
{2011, 1, 24, 256, 210, 0.7, 0.0001, "1", 0, 0.5434147442113691, 0.11791580316940972, 0.0000234, 0.4295086975490761, 0.000452, 0.07838795743085954, 0.0000229, 0.0017023628801858908, 1.81e-6, 0.07258177672787365, 4.75e-6, 0.0006354730283825826, 7.37e-7, 0.029588019085275977, 0.0016229195941650965, "ErrScale 1e-4"}
{2011, 1, 24, 256, 220, 0.7, 0.0001, "1", 0, 0.5434147442113691, 0.11997963936243411, 0.000913, 0.41828205123035644, 0.000256, 0.07958821486845558, 0.000688, 0.0017298506256085593, 0.0000433, 0.06382348708102774, 0.00018, 0.0006442239508661671, 0.0000169, 0.029588019085275977, 0.0016229195941650965, "ErrScale 1e-4"}
{2011, 1, 25, 256, 30, 0.8, 0.0001, "1", 0, 0.21561872554927203, 0.12737317192567854, 0.0000282, 0.7001219726980469, 0.0000863, 0.09366929501238093, 0.0000179, 0.002640419333138474, 1.36e-6, 0.1562587042327031, 0.0000416, 0.0010153717406203176, 5.31e-7, 0.03856569542705551, 0.0009738901326713477, "ErrScale 1e-4"}
{2011, 1, 25, 256, 40, 0.8, 0.0001, "1", 0, 0.2848064657015494, 0.12641598298181062, 2.56e-6, 0.6470352288659642, 0.0000114, 0.09605421394898704, 2.56e-6, 0.0028830140346902517, 1.82e-7, 0.14076471261489937, 5.44e-6, 0.0011182421071538613, 7.24e-8, 0.04074960314496427, 0.0010794575242654338, "ErrScale 1e-4"}
{2011, 1, 25, 256, 50, 0.8, 0.0001, "1", 0, 0.3351900706594598, 0.1210703428358523, 5.32e-6, 0.6066904581477236, 0.0000246, 0.09634085450099317, 5.21e-6, 0.0029390609489197863, 4.12e-7, 0.12912445396859895, 0.000012, 0.001149150832960381, 1.67e-7, 0.04131220891756408, 0.0011543727264951079, "ErrScale 1e-4"}
{2011, 1, 25, 256, 60, 0.8, 0.0001, "1", 0, 0.3721515967930888, 0.12034006947019896, 9.88e-6, 0.5750247907463975, 0.0000202, 0.09575197179133413, 5.51e-6, 0.0028967696428670885, 4.27e-7, 0.11997352239094405, 0.00001, 0.0011400581283880168, 1.75e-7, 0.041085389479188855, 0.0012233187661166748, "ErrScale 1e-4"}
{2011, 1, 25, 256, 70, 0.8, 0.0001, "1", 0, 0.40075912201142105, 0.12163339491779662, 0.0000111, 0.5495840257236488, 0.0000174, 0.0947773399718794, 6.65e-6, 0.002805391684751181, 5.32e-7, 0.11255421758122149, 8.21e-6, 0.0011093207592160958, 2.16e-7, 0.04045857591934723, 0.0012862148982614608, "ErrScale 1e-4"}
{2011, 1, 25, 256, 80, 0.8, 0.0001, "1", 0, 0.4234761581886486, 0.1222722572192626, 0.0000133, 0.5287287027062912, 0.0000173, 0.09359707931748941, 7.22e-6, 0.0026904748579341746, 7.4e-7, 0.10637973101781192, 6.73e-6, 0.001066881934567795, 2.97e-7, 0.03964411056105408, 0.0013402977461700332, "ErrScale 1e-4"}
{2011, 1, 25, 256, 90, 0.8, 0.0001, "1", 0, 0.44185239499389306, 0.12245320648138205, 0.0000163, 0.511320007033756, 0.0000184, 0.0922862778571729, 0.0000107, 0.0025626346062232, 1.16e-6, 0.10112626998853085, 5.57e-6, 0.0010172065932799645, 4.69e-7, 0.03871677535460608, 0.0013867008805821934, "ErrScale 1e-4"}
{2011, 1, 25, 256, 100, 0.8, 0.0001, "1", 0, 0.45671676339561085, 0.12211378925716902, 0.0000216, 0.49648623275027054, 0.0000199, 0.09084856415093873, 0.0000151, 0.0023966992237763156, 3.07e-6, 0.0965717706929441, 4.67e-6, 0.0009501658565491773, 1.25e-6, 0.03776818423410388, 0.0014277168285190375, "ErrScale 1e-4"}
{2011, 1, 25, 256, 110, 0.8, 0.0001, "1", 0, 0.46941729159754, 0.12044305753417965, 0.0000455, 0.483607333805156, 0.0000209, 0.0889274930697951, 0.0000294, 0.0023693771610660205, 2.98e-6, 0.09256247463703726, 3.93e-6, 0.0009386109269574241, 1.19e-6, 0.036808751475505795, 0.001463669869663076, "ErrScale 1e-4"}
{2011, 1, 25, 256, 120, 0.8, 0.0001, "1", 0, 0.48056876215756356, 0.12281758492678067, 0.0000782, 0.47225701509721957, 0.0000225, 0.08899828707105535, 0.000048, 0.0022668817557690043, 2.73e-6, 0.08897676022457471, 3.42e-6, 0.0008955400885128596, 1.08e-6, 0.03587686380436865, 0.0014946549215993938, "ErrScale 1e-4"}
{2011, 1, 25, 256, 130, 0.8, 0.0001, "1", 0, 0.490097065580693, 0.12233723292692246, 0.0000694, 0.4621032063981141, 0.0000237, 0.08781316036633484, 0.0000436, 0.0021720918923321363, 2.46e-6, 0.08575137886111667, 3.04e-6, 0.0008551644460431445, 9.77e-7, 0.03499090730568702, 0.001522302944875769, "ErrScale 1e-4"}
{2011, 1, 25, 256, 140, 0.8, 0.0001, "1", 0, 0.4992581712134392, 0.1218479925870647, 0.000064, 0.45290588703921564, 0.0000262, 0.08666389992237612, 0.0000403, 0.00208490358250466, 2.27e-6, 0.08282473402304398, 2.92e-6, 0.0008176926146670309, 9.03e-7, 0.03414908459347617, 0.0015469409919327594, "ErrScale 1e-4"}
{2011, 1, 25, 256, 30, 0.9, 0.0001, "1", 0, 0.22895302925971084, 0.12360229220474783, 0.0000304, 0.6689093736727684, 0.0000952, 0.09844712458963259, 0.0000207, 0.0025491701678493437, 1.49e-6, 0.14450272350454416, 0.0000442, 0.0010246507442242087, 6.05e-7, 0.038341623942780415, 0.000988767501155393, "ErrScale 1e-4"}
{2011, 1, 25, 256, 40, 0.9, 0.0001, "1", 0, 0.29433503703230096, 0.12136133100260366, 4.62e-6, 0.6187097447025605, 0.0000188, 0.1002044499429471, 3.88e-6, 0.0027535892272341753, 2.93e-7, 0.13038071334685658, 8.69e-6, 0.0011160116173867544, 1.22e-7, 0.040266071533717696, 0.0010948888472447176, "ErrScale 1e-4"}
{2011, 1, 25, 256, 50, 0.9, 0.0001, "1", 0, 0.34145230213012245, 0.1168791669561522, 4.77e-6, 0.5807769709839788, 0.0000133, 0.10001418473178736, 2.59e-6, 0.0027899385556753114, 1.97e-7, 0.11979352289248972, 6.25e-6, 0.0011391125178011792, 8.32e-8, 0.040735183859255134, 0.001168603837233679, "ErrScale 1e-4"}
{2011, 1, 25, 256, 60, 0.9, 0.0001, "1", 0, 0.37651335464250596, 0.11902128487286709, 1.94e-6, 0.5510300503680292, 4.75e-6, 0.09904248469720726, 1.e-6, 0.002740115429478017, 7.1e-8, 0.11144263930796594, 2.34e-6, 0.0011250664622350912, 3.19e-8, 0.04049917129806648, 0.001243523619354078, "ErrScale 1e-4"}
{2011, 1, 25, 256, 70, 0.9, 0.0001, "1", 0, 0.4040783490001403, 0.12025406087571042, 1.5e-6, 0.5271406776385599, 1.65e-6, 0.09772788152734728, 1.23e-6, 0.0026498772208652906, 5.04e-8, 0.10464670492088299, 9.47e-7, 0.0010919038752400568, 2.e-8, 0.03988139007429733, 0.0013075705798638625, "ErrScale 1e-4"}
{2011, 1, 25, 256, 80, 0.9, 0.0001, "1", 0, 0.42618186224589055, 0.12084943928616544, 4.6e-6, 0.5074924105733156, 4.76e-6, 0.09626827203964307, 2.41e-6, 0.0025412992349535344, 1.93e-7, 0.09894278721843991, 2.67e-6, 0.0010487812805313388, 7.93e-8, 0.03907086358188283, 0.001361868674823894, "ErrScale 1e-4"}
{2011, 1, 25, 256, 90, 0.9, 0.0001, "1", 0, 0.4439434130235756, 0.1209812677583077, 9.58e-6, 0.4910484587474919, 9.e-6, 0.09472676840318972, 7.48e-6, 0.002426843425427016, 4.78e-7, 0.09408078331962635, 3.9e-6, 0.001001307086530973, 2.01e-7, 0.038176114848675294, 0.0014082480399356847, "ErrScale 1e-4"}
{2011, 1, 25, 256, 100, 0.9, 0.0001, "1", 0, 0.4583571791033357, 0.12076340204305455, 0.0000181, 0.4770083093165238, 0.0000154, 0.09315766740913876, 0.000011, 0.0023095795342348434, 1.06e-6, 0.08985937697117981, 4.8e-6, 0.0009512875901263753, 4.56e-7, 0.03725401219437978, 0.0014491191274475727, "ErrScale 1e-4"}
{2011, 1, 25, 256, 110, 0.9, 0.0001, "1", 0, 0.4714353124773093, 0.12007668185416608, 0.0000361, 0.4647750359746172, 0.0000246, 0.09149458477130558, 0.0000221, 0.002165312128563217, 3.66e-6, 0.08613719668648048, 5.73e-6, 0.0008891339191458119, 1.56e-6, 0.03633292208899285, 0.0014844363164355345, "ErrScale 1e-4"}
{2011, 1, 25, 256, 120, 0.9, 0.0001, "1", 0, 0.48205324943916017, 0.11757689641463119, 0.000106, 0.4540187191438673, 0.0000307, 0.0894346712585673, 0.000052, 0.0021172710370388264, 3.47e-6, 0.08282353956790985, 5.85e-6, 0.0008664877195437323, 1.42e-6, 0.035437287444147605, 0.0015157616434438726, "ErrScale 1e-4"}
{2011, 1, 25, 256, 130, 0.9, 0.0001, "1", 0, 0.4921875, 0.12059380770851763, 0.000107, 0.4443662267950616, 0.0000373, 0.08883779010785942, 0.0000622, 0.0020555157188010555, 3.85e-6, 0.07983812894064499, 6.01e-6, 0.0008375859815024012, 1.59e-6, 0.03458608517214818, 0.0015433534826060687, "ErrScale 1e-4"}
{2011, 1, 25, 256, 140, 0.9, 0.0001, "1", 0, 0.5, 0.12004708948350534, 0.000103, 0.4355445856969526, 0.0000431, 0.08805457414823172, 0.0000671, 0.001975548204366461, 3.79e-6, 0.07712891989929672, 5.95e-6, 0.0008013682224133562, 1.57e-6, 0.03377670868538236, 0.0015678909668063335, "ErrScale 1e-4"}
{2011, 1, 25, 256, 150, 0.9, 0.0001, "1", 0, 0.5085649042538141, 0.1194606545258258, 0.0000976, 0.4275116952053358, 0.000047, 0.08682998080324594, 0.0000648, 0.0019020008923409455, 3.61e-6, 0.07465351010050407, 5.73e-6, 0.0007679672474494956, 1.51e-6, 0.03299988659969389, 0.001590086087636014, "ErrScale 1e-4"}
{2011, 1, 25, 256, 160, 0.9, 0.0001, "1", 0, 0.515625, 0.11886125830482083, 0.0000893, 0.4200645975789786, 0.0000501, 0.08565526106936822, 0.0000603, 0.0018342738468320422, 3.35e-6, 0.07237841329353806, 5.42e-6, 0.0007372124291444355, 1.43e-6, 0.032262220031705265, 0.0016098613960685573, "ErrScale 1e-4"}
{2011, 1, 25, 256, 170, 0.9, 0.0001, "1", 0, 0.522737811644896, 0.11817957656427126, 0.0000805, 0.4131985240305213, 0.0000551, 0.08453910972821685, 0.0000554, 0.0017717962292249905, 3.1e-6, 0.07027222300946989, 5.32e-6, 0.0007089062010275253, 1.34e-6, 0.03157339397425443, 0.0016270240378292368, "ErrScale 1e-4"}
{2011, 1, 25, 256, 10, 0.975, 0.0001, "1", 0, 0.04432407487393035, 0.11178268661652459, 2.2e-6, 0.7095503906998903, 5.75e-6, 0.09319595461374644, 1.42e-6, 0.0018859377137414347, 7.53e-8, 0.1526801074989821, 2.57e-6, 0.0007837989851240257, 3.07e-8, 0.02160698183928667, 0.000508273416873482, "ErrScale 1e-4"}
{2011, 1, 25, 256, 20, 0.975, 0.0001, "1", 0, 0.15278170662583157, 0.11903952844278268, 5.58e-6, 0.6467382024759091, 0.0000172, 0.10077854376365912, 3.96e-6, 0.002409359692719603, 2.67e-7, 0.13573843603994404, 7.82e-6, 0.001008080712470169, 1.11e-7, 0.03296729409767832, 0.0008201293416507868, "ErrScale 1e-4"}
{2011, 1, 25, 256, 30, 0.975, 0.0001, "1", 0, 0.23871935864341523, 0.11651220220136015, 4.7e-6, 0.599463636863844, 0.0000193, 0.10231143594928739, 4.35e-6, 0.0026037036506742473, 2.91e-7, 0.12295553099814378, 8.64e-6, 0.0010977583147914701, 1.27e-7, 0.037812565607232174, 0.0009918482950445964, "ErrScale 1e-4"}
{2011, 1, 25, 256, 40, 0.975, 0.0001, "1", 0, 0.30087892019219703, 0.11489273450600555, 5.19e-6, 0.563277543186514, 0.0000148, 0.10182242353377427, 2.82e-6, 0.002634238385513283, 2.05e-7, 0.11313974647813374, 6.66e-6, 0.001117974541059842, 8.99e-8, 0.03964651987503531, 0.001099902518870939, "ErrScale 1e-4"}
{2011, 1, 25, 256, 50, 0.975, 0.0001, "1", 0, 0.34609381188065885, 0.11700605774313559, 9.78e-7, 0.5348926969623711, 2.64e-6, 0.10060367480978216, 4.5e-7, 0.002586690439898239, 3.26e-8, 0.1053790768757645, 1.23e-6, 0.0011029778287592058, 1.46e-8, 0.040148674308095114, 0.0011737678720302874, "ErrScale 1e-4"}
{2011, 1, 25, 256, 60, 0.975, 0.0001, "1", 0, 0.38047979786986796, 0.11815527886305834, 6.27e-6, 0.5119305887740557, 0.0000103, 0.0990663854822644, 2.91e-6, 0.002501343816982886, 2.26e-7, 0.09899064515757151, 5.65e-6, 0.0010693410373155633, 9.98e-8, 0.039928105580644566, 0.001250462235500871, "ErrScale 1e-4"}
{2011, 1, 25, 256, 70, 0.975, 0.0001, "1", 0, 0.4069602502224167, 0.11881480882751244, 3.47e-6, 0.49314520512419435, 3.25e-6, 0.09743287955936918, 2.09e-6, 0.0024030433281202386, 1.17e-7, 0.09368413378117757, 2.17e-6, 0.001027942188467188, 5.47e-8, 0.03932784715313459, 0.0013142774913126177, "ErrScale 1e-4"}
{2011, 1, 25, 256, 80, 0.975, 0.0001, "1", 0, 0.4282876168266864, 0.28125916170573345, 3.52, 0.49315380861494273, 0.000271, 0.09911771468459347, 0.212, 0.002536090278748162, 0.00243, 0.0939149578547636, 0.0000447, 0.0010605834020131397, 0.000029, 0.03854623218938413, 0.0013689756212946112, "ErrScale 1e-4"}
