"{year, month, day, Nxz, Re, r/R, gamma, F(r), Coriolis, shift, mvx, \[Delta]mvx, mvy, \[Delta]mvy, mvz, \[Delta]mvz, Evx, \[Delta]Evx, Evy, \[Delta]Evy, Evz, \[Delta]Evz, m\[Psi], \[Delta]m\[Psi]}, comment"
{2009, 1, 28, 100, 1, 0, 0.0001, "dp", 0, 0, 0., 0, 1.0000641169999993, 1.e-13, 0., 0, 0., 0, 0.2620072789999998, 1.e-13, 0., 0, 0, 0, "ErrScale 1e-4"}
{2009, 1, 28, 100, 1, 0.1, 0.0001, "dp", 0, -0.012423566212872718, 0.0013860005759396847, 3.e-9, 0.9987350047999988, 1.e-13, 0.0006884377668598665, 1.e-8, 2.6765155287444236e-7, 5.e-13, 0.2614073508000001, 5.e-15, 8.962478915671676e-8, 5.e-13, 0.00038957470399999703, 0.00005175525199999946, "ErrScale 1e-4"}
{2009, 1, 28, 100, 1, 0.2, 0.0001, "dp", 0, -0.0750194652927477, 0.0027960925484854337, 1.e-8, 1.0019349079736561, 2.e-11, 0.0014847628958966667, 2.e-8, 1.0769525565555817e-6, 3.e-12, 0.26057594411783574, 5.e-12, 3.616124895036452e-7, 3.e-12, 0.0008022992999999941, 0.00016755603999999856, "ErrScale 1e-4"}
{2009, 1, 28, 100, 1, 0.3, 0.0001, "dp", 0, -0.08713077943138556, 0.004149844421570001, 2.2999999999999998e-8, 0.9944561666709454, 5.e-9, 0.0023167271847031605, 1.e-8, 2.3640456012477998e-6, 2.e-12, 0.2568207563281582, 9.e-10, 8.095264357987868e-7, 1.e-12, 0.0012187407999999906, 0.00035295393999999725, "ErrScale 1e-4"}
{2009, 1, 28, 100, 1, 0.4, 0.0001, "dp", 0, -0.1534141414860951, 0.0057002177290515965, 2.e-8, 1.0070536293592776, 3.e-9, 0.0034139729421066665, 1.e-8, 4.32285798099048e-6, 5.e-12, 0.25599809781739397, 2.e-10, 1.4866377134366664e-6, 5.e-12, 0.0017105390499999869, 0.0006331676839999939, "ErrScale 1e-4"}
{2009, 1, 28, 100, 1, 0.5, 0.0001, "dp", 0, -0.16307727251981705, 0.006963897031755044, 4.e-8, 0.9914576610158286, 3.e-9, 0.00441360177825027, 2.e-8, 6.409359776526237e-6, 1.e-12, 0.2485373695498142, 2.e-9, 2.2883251589659574e-6, 2.e-12, 0.0021471154399999833, 0.000973611399999991, "ErrScale 1e-4"}
{2009, 1, 29, 128, 10, 0, 0.0001, "dp", 0, 0, 0., 0, 1.089010127011359, 0.02, 0, 0, 0., 0, 0.30566698460433794, 0.01, 0., 0, 0, 0, "ErrScale 1e-4"}
{2009, 1, 29, 128, 10, 0.1, 0.0001, "dp", 0, -0.029041683794058398, 0.013880875152893529, 7.e-8, 0.9993037749864769, 2.e-6, 0.006933142315011237, 2.e-7, 0.000026747667683714605, 2.e-10, 0.261273130896995, 7.e-7, 8.929092428370318e-6, 7.e-11, 0.003894208769687499, 0.0004607855624999995, "ErrScale 1e-4"}
{2009, 1, 29, 128, 10, 0.2, 0.0001, "dp", 0, -0.03354122839275727, 0.02734891067715666, 0.0001, 0.9911546594618053, 6.e-7, 0.014303808927846494, 0.0004, 0.000103843705264617, 5.e-7, 0.25786214830308934, 6.e-6, 0.00003507199512239999, 2.e-7, 0.007859975495137502, 0.0015753882812500034, "ErrScale 1e-4"}
{2009, 1, 29, 128, 10, 0.3, 0.0001, "dp", 0, -0.08941399967544619, 0.04135173617197517, 0.00001, 0.9925489180386113, 1.e-7, 0.02308454349530956, 0.00003, 0.00023322798079363912, 7.e-9, 0.255714821904999, 5.e-8, 0.00007900123953423911, 7.e-9, 0.012151597873574999, 0.003422907343749999, "ErrScale 1e-4"}
{2009, 1, 29, 128, 10, 0.4, 0.0001, "dp", 0, -0.12127631232827994, 0.054801554013440244, 6.e-6, 0.9866623172038743, 1.e-6, 0.032472809519496534, 0.00001, 0.00040318906239607944, 3.e-8, 0.25088256577948226, 7.e-7, 0.00013841407156106765, 5.e-9, 0.016497281724674993, 0.006009556718749993, "ErrScale 1e-4"}
{2009, 1, 29, 128, 10, 0.5, 0.0001, "dp", 0, -0.15485320432630267, 0.06793403076244958, 8.e-6, 0.9788865449420637, 0.00004, 0.04289809279776781, 0.00001, 0.0006066961544698033, 2.e-7, 0.24460289247096395, 0.00002, 0.0002121019531252323, 5.e-8, 0.020987516728799997, 0.009404331250000005, "ErrScale 1e-4"}
{2009, 2, 2, 128, 20, 0, 0.0001, "dp", 0, 0, 0., 0, 1.0000470203077765, 3.e-7, 0., 0, 0., 0, 0.26193248839975447, 7.e-8, 0., 0, 0, 0, "ErrScale 1e-4"}
{2009, 2, 2, 128, 30, 0, 0.0001, "dp", 0, 0, 0., 0, 1.0000864663122053, 0.00003, 0., 0, 0., 0, 0.2619482602749669, 0.00001, 0., 0, 0, 0, "ErrScale 1e-4"}
{2009, 2, 3, 128, 30, 0.1, 0.0001, "dp", 0, 0.034179687499997634, 0.04033871703600531, 6.e-7, 0.9862067309437652, 3.e-6, 0.019722672113362132, 2.e-7, 0.0002276133140983624, 5.e-9, 0.2571446640639105, 2.e-6, 0.00007597018006589189, 1.e-9, 0.011369484591749999, 0.0013693504687499972, "ErrScale 1e-4"}
{2009, 2, 3, 128, 30, 0.2, 0.0001, "dp", 0, 0.08017510339961038, 0.07326352552075496, 4.e-6, 0.9486092896921523, 1.e-7, 0.037145835212284414, 0.00001, 0.0007632509246634467, 4.e-8, 0.24325922978044187, 8.e-8, 0.000257647138497151, 8.e-8, 0.021283459610025, 0.0043333946875, "ErrScale 1e-4"}
{2009, 2, 3, 128, 30, 0.3, 0.0001, "dp", 0, 0.06404591965515656, 0.101358, 0.00005, 0.910724, 0.00002, 0.0545402, 0.0006, 0.001473111990470067, 1.e-6, 0.231812, 0.00001, 0.000498107, 1.e-6, 0.03036084130055, 0.0086890590625, "ErrScale 1e-4"}
{2009, 2, 3, 128, 30, 0.4, 0.0001, "dp", 0, 0.05930545704925701, 0.1218703135941767, 0.0001, 0.8675428163742456, 5.e-6, 0.06970802120670225, 0.0008, 0.00215264503656235, 2.e-6, 0.21748075655265323, 3.e-6, 0.0007361706061762011, 3.e-6, 0.0377329111407, 0.01392177531249997, "ErrScale 1e-4"}
{2009, 2, 3, 128, 30, 0.5, 0.0001, "dp", 0, 0.07382063144415417, 0.13242241670884872, 0.0001, 0.8176619003050503, 1.e-6, 0.08061947936418502, 0.0004, 0.0025929455251920016, 1.e-6, 0.19961350939030542, 3.e-6, 0.0009180723145468993, 2.e-6, 0.042620884555875, 0.019246131250000006, "ErrScale 1e-4"}
{2009, 2, 5, 128, 40, 0, 0.0001, "dp", 0, 0, 0., 0, 1.0000471619282711, 5.e-6, 0, 0, 0., 0, 0.2619325089051708, 7.e-8, 0., 0, 0, 0, "ErrScale 1e-4"}
{2009, 2, 3, 128, 40, 0.1, 0.0001, "dp", 0, 0.028720852928911404, 0.023031684759833342, 5.e-6, 0.7445159877653796, 3.e-7, 0.011275672964937452, 5.e-6, 0.00007411085777045943, 1.e-8, 0.14600868673089173, 6.e-7, 0.00002482826510016178, 9.e-9, 0.006482671801325, 0.0007770612500000015, "ErrScale 1e-4,wrong"}
{2009, 2, 6, 128, 40, 0.1, 0.0001, "dp", 0, 0.08400505010419827, 0.05178455031985711, 1.e-6, 0.9731803733451875, 1.e-6, 0.024965333943376623, 2.e-6, 0.0003785952535547322, 5.e-10, 0.2525741717958389, 5.e-7, 0.00012644503709154513, 2.e-9, 0.014633901118424997, 0.001787207187499998, "ErrScale 1e-4"}
{2009, 2, 7, 128, 40, 0.2, 0.0001, "dp", 0, 0.1308529588222877, 0.08960197247123068, 1.e-6, 0.9179135894858623, 7.5e-7, 0.04514350072119998, 1.e-6, 0.0011670263360233288, 5.e-9, 0.23415654602616254, 4.e-7, 0.0003919410729980808, 5.e-9, 0.026260465191625, 0.005392071093750007, "ErrScale 1e-4"}
{2009, 3, 12,128, 40, 0.1, 0.0001, "dp", 0, 0.08465629680340703, 0.05155727045062554, 0.00001, 0.9715041836007478, 0.00003, 0.024874813220433178, 8.e-6, 0.00037534091244204737, 8.e-8, 0.25175677987476885, 0.000015000000000000002, 0.00012535567183177417, 2.e-8, 0.014684735250249999, 0.0017936226562500057, "ErrScale 1e-4"}
{2009, 3, 12,128, 40, 0.2, 0.0001, "dp", 0, 0.152735494573456, 0.08771346611752635, 3.e-6, 0.9148454436832493, 2.e-7, 0.04394720889527272, 6.e-6, 0.0011214157300645014, 3.e-8, 0.23096807945702358, 8.e-8, 0.0003791777569773874, 5.e-8, 0.0257685202684, 0.005304735156250005, "ErrScale 1e-4"}
{2009, 3, 25, 128, 40, 0.3, 0.0001, "dp", 0, 0.14830476205445856, 0.11534540069781747, 3.e-7, 0.8601095998722004, 3.e-7, 0.06166040735692891, 2.e-7, 0.001988663866913053, 5.e-9, 0.21571358979003954, 2.e-7, 0.0006735046858120406, 2.e-9, 0.03510509562149999, 0.01014244468749999, "ErrScale 1e-4"}
{2009, 4, 14, 128, 40, 0.4, 0.0001, "dp", 0, 0.14803898059204723, 0.133340777701526, 0.0004, 0.8070869059138032, 9.e-6, 0.07630054908026657, 0.0003, 0.002716300778783366, 3.e-6, 0.19924737726602498, 5.e-6, 0.0009308398562069811, 3.e-6, 0.042150291267800004, 0.015666504687500003, "ErrScale 1e-4"}
{2009, 4, 14, 128, 40, 0.5, 0.0001, "dp", 0, 0.13662914768203874, 0.14623872720322606, 0.0009, 0.7597795878011889, 4.e-6, 0.09019603169554478, 0.0004, 0.003318660991470551, 7.e-6, 0.18470498047251313, 3.e-6, 0.0011556511454291708, 7.e-6, 0.04806159002220001, 0.021871537500000003, "ErrScale 1e-4"}
{2009, 2, 5, 128, 20, 0.1, 0.0001, "dp", 0, -0.004863171648524364, 0.027485962130784556, 4.e-6, 0.9948013344149479, 0.00005, 0.013610834419287761, 2.e-6, 0.00010512827464842914, 3.e-8, 0.25993809603446777, 0.00002, 0.000035087701578073175, 1.e-8, 0.007722155415499999, 0.0009200285937500008, "ErrScale 1e-4"}
{2009, 2, 16, 128, 20, 0.2, 0.0001, "dp", 0, -0.011932814574844472, 0.053388139241082745, 0.00001, 0.9801348415188276, 0.0001, 0.027740311706273516, 0.00001, 0.0003965754962342977, 3.e-7, 0.25441994779295024, 0.00006, 0.0001329961100953069, 9.e-8, 0.015383966190224996, 0.0030932554531249994, "ErrScale 1e-4"}
{2009, 2, 18, 128, 20, 0.3, 0.0001, "dp", 0, -0.02345963155094181, 0.0767697158479757, 2.e-7, 0.958927980065115, 6.e-7, 0.04202654251027587, 1.e-7, 0.0008189165978022315, 3.e-9, 0.24641531930679542, 3.e-7, 0.0002769065763036467, 1.e-9, 0.022698485626300002, 0.006437440296875006, "ErrScale 1e-4"}
{2009, 2, 18, 128, 20, 0.4, 0.0001, "dp", 0, -0.039013775280163414, 0.09715251247037826, 2.e-8, 0.9330200776524354, 5.e-8, 0.056339382513989296, 6.e-8, 0.001306683047256146, 5.e-10, 0.23648058844032702, 3.e-8, 0.00044723551886479025, 3.e-10, 0.029550524789525, 0.010825150468750008, "ErrScale 1e-4"}
{2009, 2, 18, 128, 20, 0.5, 0.0001, "dp", 0, -0.05985862335695947, 0.11463334788710469, 1.e-8, 0.9046513360194596, 3.e-8, 0.07082820101191077, 6.e-9, 0.001806001837259875, 3.e-10, 0.2254140160367282, 2.e-8, 0.0006285289774160201, 1.e-10, 0.03594404939515001, 0.01616643156249999, "ErrScale 1e-4"}
{2009, 2, 18, 128, 50, 0, 0.0001, "dp", 0, 0, 0., 0, 1.0000467538140043, 7.e-8, 0., 0, 0., 0, 0.2619323609628619, 3.e-8, 0., 0, 0, 0, "ErrScale 1e-4"}
{2009, 2, 18, 128, 50, 0.1, 0.0001, "dp", 0, 0.13899384829214131, 0.06107577516725475, 4.e-6, 0.9550742849873406, 0.000024, 0.02976923306732241, 2.e-6, 0.0005341925396667311, 7.e-8, 0.24582984662342447, 0.00001, 0.00017868892897297716, 2.e-8, 0.01737012790192501, 0.0021539659374999976, "ErrScale 1e-4"}
{2009, 2, 18, 128, 50, 0.2, 0.0001, "dp", 0, 0.1999916181582848, 0.09872264193921067, 8.e-7, 0.8807100375981497, 1.e-6, 0.04953036734296504, 2.e-6, 0.0014641078644330487, 2.e-8, 0.2212631903045716, 6.e-7, 0.0004932226062398192, 9.e-9, 0.02935132156985, 0.006100826203125, "ErrScale 1e-4"}
{2009, 2, 19, 128, 50, 0.3, 0.0001, "dp", 0, 0.21957845922830305, 0.12183708204929997, 0.00014, 0.8133117823474936, 3.e-8, 0.06551866071475379, 0.00005, 0.002322894614110631, 1.6e-6, 0.20054302837023272, 6.e-7, 0.0007897002577261894, 1.6e-6, 0.037820908193225006, 0.01102349500000004, "ErrScale 1e-4"}
{2009, 2, 19, 128, 50, 0.4, 0.0001, "dp", 0, 0.21969523690123835, 0.13707158402640635, 0.00003, 0.7559474214145954, 1.e-7, 0.07955648929515582, 0.0000545, 0.0030331993113320668, 3.e-8, 0.18360839015019348, 3.e-7, 0.001043818222433958, 3.e-8, 0.04437368259689999, 0.01660288750000002, "ErrScale 1e-4"}
{2009, 2, 19, 128, 60, 0, 0.0001, "dp", 0, 0, 0., 0, 1.000054029183985, 5.e-6, 0, 0, 0., 0, 0.26193577600132995, 3.e-6, 0., 0, 0, 0, "ErrScale 1e-4"}
{2009, 2, 19, 128, 60, 0.1, 0.0001, "dp", 0, 0.19278801173060112, 0.06801260003186312, 2.e-7, 0.9337567617247572, 1.e-6, 0.03420722026500861, 2.e-7, 0.0006752851014738497, 3.e-9, 0.2376743495066412, 6.e-7, 0.0002264463440585814, 2.e-9, 0.019512439690775003, 0.002455911718749988, "ErrScale 1e-4"}
{2009, 2, 19, 128, 60, 0.2, 0.0001, "dp", 0, 0.25827825813976707, 0.10351649464229999, 0.0004, 0.8449907641183405, 8.e-7, 0.05278671266377202, 0.0009, 0.0016709580817449957, 5.e-6, 0.20882223920801166, 2.e-6, 0.0005652829938040696, 7.e-6, 0.0312968913426, 0.006577159999999985, "ErrScale 1e-4"}
{2009, 4, 9, 128, 60, 0.3, 0.0001, "dp", 0, 0.2765918349164986, 0.12380474104160034, 0.0001, 0.7725501770760506, 5.e-7, 0.06762227514668459, 0.00015000000000000001, 0.002517154054373411, 3.e-7, 0.1873331186785878, 4.e-7, 0.0008600608688676656, 3.e-7, 0.039324496852299995, 0.011534860468749998, "ErrScale 1e-4"}
{2009, 2, 20, 128, 70, 0, 0.0001, "dp", 0, 0, 0., 0, 1.0000477227276647, 1.e-6, 0., 0, 0., 0, 0.2619328179843389, 3.e-7, 0., 0, 0, 0, "ErrScale 1e-4"}
{2009, 2, 20, 128, 70, 0.1, 0.0001, "dp", 0, 0.24184260697421373, 0.07277952716095137, 3.e-7, 0.9107190224724775, 2.e-6, 0.037771952921389136, 2.e-7, 0.0007913682701512407, 7.e-9, 0.2288326603261154, 2.e-6, 0.0002662357102741988, 3.e-9, 0.021107774081325005, 0.0026937103125, "ErrScale 1e-4"}
{2009, 2, 20, 128, 70, 0.2, 0.0001, "dp", 0, 0.3058007459139269, 0.10542514599191863, 0.00014, 0.8122248527195747, 1.e-6, 0.05577481659690751, 0.0002, 0.0018037985965181508, 2.e-6, 0.1975408860870862, 3.e-7, 0.0006132477025751134, 1.e-6, 0.032510838414249996, 0.0068903806249999994, "ErrScale 1e-4"}
{2009, 2, 20, 256, 70, 0, 0.0001, "dp", 0, 0, 0., 0, 1.0000112642243253, 4.e-7, 0., 0, 0., 0, 0.261832228165828, 2.e-8, 0., 0, 0, 0, "ErrScale 1e-4"}
{2009, 2, 20, 256, 70, 0.1, 0.0001, "dp", 0, 0.24218755000000003, 0.07277596309381139, 3.e-6, 0.9106730763918569, 1.e-6, 0.03774815798161096, 3.e-6, 0.0007900426025120006, 4.e-9, 0.22876534103306206, 1.e-6, 0.00026584493047426795, 3.e-9, 0.02099094433295573, 0.002165975179110176, "ErrScale 1e-4"}
{2009, 3, 12, 10, 1, 0.25, 0.0001, "dp", 0, -0.09455196380954328, 0.0035088240551494963, 2.e-6, 1.0103331979999983, 3.e-14, 0.0021035525701599994, 2.e-6, 2.091158112273663e-6, 4.e-10, 0.2727923632059195, 5.4999999999999996e-12, 7.024277507068116e-7, 5.e-10, 0.0012047537, 0.002292944, "ErrScale 1e-4"}
{2009, 3, 12, 20, 1, 0.25, 0.0001, "dp", 0, -0.09454323524797192, 0.0035180753786253098, 2.e-7, 1.0044298938995941, 2.e-6, 0.0019573507952266663, 2.e-7, 1.8200978352247786e-6, 4.e-11, 0.2644175552314485, 1.e-8, 6.027018180484143e-7, 1.e-10, 0.0011038579999999984, 0.0012689789999999978, "ErrScale 1e-4"}
{2009, 3, 12, 30, 1, 0.25, 0.0001, "dp", 0, -0.09462759093066726, 0.003514120809557451, 4.e-6, 1.0048372732502633, 5.e-6, 0.0019383457748177442, 1.e-6, 1.7495231112766694e-6, 5.500000000000001e-10, 0.2620427308108618, 2.e-6, 5.873217315484235e-7, 6.e-10, 0.0010801581345030505, 0.0007307257413810027, "ErrScale 1e-4"}
{2009, 3, 12, 40, 1, 0.25, 0.0001, "dp", 0, -0.0941066842490285, 0.0035116167028099964, 6.e-6, 1.0033991597070302, 5.e-7, 0.0019266376622371208, 2.e-6, 1.7145140460752174e-6, 4.e-9, 0.26080213703451144, 2.2999999999999997e-7, 5.753375247612183e-7, 2.4e-9, 0.0010413485749999978, 0.0004616610999999978, "ErrScale 1e-4"}
{2009, 3, 12, 50, 1, 0.25, 0.0001, "dp", 0, -0.09430267685248334, 0.0035082423201510285, 9.e-6, 1.0034474022523765, 6.5e-8, 0.001921258476733333, 8.e-7, 1.7025727136625448e-6, 6.e-11, 0.2603894367904168, 3.e-8, 5.728385444200001e-7, 6.e-11, 0.001039564399999997, 0.00032959007999999723, "ErrScale 1e-4"}
{2009, 3, 12, 60, 1, 0.25, 0.0001, "dp", 0, -0.09391714007725102, 0.0035094779326659453, 1.3e-6, 1.0031225797966592, 2.e-8, 0.0019196557700999998, 2.e-6, 1.6947517833527998e-6, 6.e-10, 0.26011441529848556, 8.e-9, 5.708221606516667e-7, 3.e-10, 0.0010320729128362979, 0.0002994950007609819, "ErrScale 1e-4"}
{2009, 3, 12, 70, 1, 0.25, 0.0001, "dp", 0, -0.0941415180000455, 0.003508217258053333, 6.e-8, 1.0030898598216214, 5.e-9, 0.0019171228412979547, 4.e-8, 1.6901827067771858e-6, 2.e-11, 0.2599611273531352, 2.e-9, 5.691654054790289e-7, 7.e-12, 0.0010274489384884571, 0.00028955192283772223, "ErrScale 1e-4"}
{2009, 3, 12, 80, 1, 0.25, 0.0001, "dp", 0, -0.09422815671413692, 0.0035079219880433327, 6.e-8, 1.003015208488561, 3.4000000000000003e-9, 0.0019189150391330386, 4.e-8, 1.6878232858462095e-6, 3.e-11, 0.259878101095419, 5.e-10, 5.689198104483332e-7, 2.4999999999999998e-11, 0.0010197428500000017, 0.00027433957500000097, "ErrScale 1e-4"}
{2009, 3, 13, 90, 1, 0.25, 0.0001, "dp", 0, -0.09500984811222464, 0.0035085099167166665, 2.e-8, 1.0029781304505179, 7.e-10, 0.0019173755676520287, 2.e-8, 1.6858612834133318e-6, 1.e-12, 0.25981110488879067, 3.e-10, 5.685602643131285e-7, 2.e-12, 0.0010208792552154995, 0.0002620204798435385, "ErrScale 1e-4"}
{2009, 3, 13, 100, 1, 0.25, 0.0001, "dp", 0, -0.09420042275248747, 0.003507736234859999, 1.e-8, 1.0029393679638947, 2.e-9, 0.001917962399319074, 8.e-9, 1.6842790757991973e-6, 3.e-12, 0.25975262177100916, 7.e-9, 5.67998036834333e-7, 3.e-12, 0.0010170561300000065, 0.0002524641100000079, "ErrScale 1e-4"}
{2009, 3, 12, 110, 1, 0.25, 0.0001, "dp", 0, -0.09397521304740349, 0.0035085095710440015, 5.e-8, 1.0029779032476664, 2.e-7, 0.0019173747392055441, 4.e-8, 1.6858589683257026e-6, 1.e-11, 0.2598109986346992, 8.e-8, 5.685597598750228e-7, 6.e-12, 0.001019150919125998, 0.00024850290571725245, "ErrScale 1e-4"}
{2009, 4, 14, 128, 50, 0.5, 0.0001, "dp", 0, 0.20904269854062194, 0.1474294483988072, 0.00024, 0.7068747352850856, 0.000055, 0.09283355233317574, 0.00024, 0.0035907447673281076, 2.e-6, 0.16932253494131724, 0.00003, 0.0012559622382268979, 2.e-6, 0.049823866014324994, 0.02278299015625003, "ErrScale 1e-4"}
{2009, 4, 14, 128, 50, 0.6, 0.0001, "dp", 0, 0.19172028061707508, 0.15437303659005286, 0.00022000000000000003, 0.664503941819061, 6.e-6, 0.10623410500168906, 0.0004, 0.004006924974784484, 1.e-7, 0.15699840166085022, 3.e-6, 0.0014319631806538312, 6.e-8, 0.05456964879560001, 0.0296078884375, "ErrScale 1e-4"}
{2009, 4, 15, 128, 60, 0.4, 0.0001, "dp", 0, 0.27537906432123177, 0.13657952106678808, 0.00026000000000000003, 0.7134986922036958, 0.00014, 0.08115209929200952, 0.0004, 0.0031829852623221355, 4.e-6, 0.1705674919368859, 0.00008, 0.001101377544369428, 3.e-6, 0.045456843865625, 0.017068817812500015, "ErrScale 1e-4"}
{2009, 4, 15, 128, 60, 0.5, 0.0001, "dp", 0, 0.2645460405049763, 0.14494434061022726, 0.0005, 0.664748451941834, 0.00002, 0.09406130432375905, 0.00025, 0.0036933567620923086, 3.e-6, 0.1570907300896189, 9.e-6, 0.0012994525862102082, 3.e-6, 0.050483415909874985, 0.023143975000000015, "ErrScale 1e-4"}
{2009, 4, 15, 128, 70, 0.3, 0.0001, "dp", 0, 0.3212669945896906, 0.12312791733927414, 0.0009, 0.7374279000870014, 0.00006, 0.068837913987561, 0.0006, 0.0026143270228847645, 0.00001, 0.1760670507130049, 0.00003, 0.0008983774244395823, 0.00001, 0.040091333717424994, 0.011812415937500008, "ErrScale 1e-4"}
{2009, 4, 15, 128, 70, 0.4, 0.0001, "dp", 0, 0.3187360225491195, 0.13390843747106396, 0.0008, 0.6786931320279785, 0.00003, 0.08203062548514688, 0.002, 0.003234958038681139, 5.e-6, 0.16005242567297662, 0.00002, 0.0011263857276723667, 5.e-6, 0.045800679165000004, 0.017249684375000008, "ErrScale 1e-4"}
{2009, 4, 15, 128, 70, 0.5, 0.0001, "dp", 0, 0.30744914836471443, 0.1405174287476432, 0.001, 0.6308228742751215, 0.00002, 0.09464786849210102, 0.003, 0.0036912437924840353, 6.e-6, 0.1471734762925771, 0.00001, 0.0013071889105178876, 6.e-6, 0.05044850191125, 0.023180639062500008, "ErrScale 1e-4"}
{2009, 4, 15, 128, 70, 0.6, 0.0001, "dp", 0, 0.29323961958222217, 0.14339856645437482, 0.0015, 0.5942422489971566, 0.0006, 0.10728586313609227, 0.004, 0.003958122855924812, 0.00005, 0.134713071796423, 0.0004, 0.0014331417156490222, 0.00003, 0.05454637153962501, 0.02970682343750001, "ErrScale 1e-4"}
{2009, 4, 15, 128, 80, 0, 0.0001, "dp", 0, 0, 0., 0, 1.0001038404035831, 0.00004, 0., 0, 0., 0, 0.2619536747479638, 0.000015000000000000002, 0., 0, 0, 0, "ErrScale 1e-4"}
{2009, 4, 15, 128, 80, 0.1, 0.0001, "dp", 0, 0.2847421333618819, 0.07578735279279045, 6.e-6, 0.8872996790803113, 0.00004, 0.04052601071392668, 5.e-6, 0.0008807103680755503, 2.e-7, 0.21993441878119488, 2.e-6, 0.0002974131993019096, 5.e-8, 0.022255723115174993, 0.002876014218750004, "ErrScale 1e-4"}
{2009, 4, 15, 128, 80, 0.2, 0.0001, "dp", 0, 0.34406759876959736, 0.10549003060521552, 0.0004, 0.7827091056052046, 8.e-6, 0.0577189615995517, 0.00006, 0.0018816850190490582, 3.e-6, 0.1875736813294658, 4.e-6, 0.0006431503200671553, 3.e-6, 0.033221717398525, 0.00710045765625001, "ErrScale 1e-4"}
{2009, 4, 15, 128, 80, 0.3, 0.0001, "dp", 0, 0.35652084330599615, 0.12093237540924162, 0.0003, 0.7074802069760844, 3.e-6, 0.06957948480696104, 0.00006, 0.0026495534729410078, 3.e-6, 0.16665026151316947, 2.e-6, 0.0009160280986156928, 1.e-8, 0.04035239383749999, 0.011962398281249993, "ErrScale 1e-4"}
{2009, 4, 16, 128, 80, 0.4, 0.0001, "dp", 0, 0.35243014722638183, 0.1299440667843903, 2.e-6, 0.6495358205321887, 2.e-6, 0.08247954516937753, 3.e-6, 0.0032194929995613608, 2.e-8, 0.15128233174920427, 1.e-6, 0.001128254310183723, 2.5e-8, 0.045670891063250015, 0.01729313734374999, "ErrScale 1e-4"}
{2009, 4, 16, 128, 80, 0.5, 0.0001, "dp", 0, 0.3407618290078759, 0.1351241001393523, 6.499999999999999e-7, 0.6046606765015639, 2.e-6, 0.09481893425653735, 3.e-6, 0.0036268480397201766, 2.e-8, 0.13905134265256522, 1.e-6, 0.0012929300053580628, 1.e-8, 0.04996920504824999, 0.023076809375000028, "ErrScale 1e-4"}
{2009, 4, 16, 128, 80, 0.6, 0.0001, "dp", 0, 0.3245089828805489, 0.1389465346902276, 3.e-7, 0.5729439804888334, 1.e-6, 0.1072694809279976, 2.e-7, 0.0038953366850937583, 1.e-8, 0.12875784090230832, 4.e-7, 0.0014191596584027333, 3.e-9, 0.0536644807515, 0.029369523562499993, "ErrScale 1e-4"}
{2009, 4, 16, 128, 80, 0.7, 0.0001, "dp", 0, 0.3060317903277852, 0.14506455724799922, 7.e-7, 0.5496166107903548, 1.e-6, 0.12041832712824237, 4.e-7, 0.004039261339527731, 1.e-8, 0.11969563546876762, 3.e-7, 0.0015126038298870824, 2.e-9, 0.05700869291087501, 0.036289014843750016, "ErrScale 1e-4"}
{2009, 4, 16, 128, 90, 0, 0.0001, "dp", 0, 0, 0., 0, 1.0000497280384832, 8.e-8, 0., 0, 0., 0, 0.2619337618356605, 3.e-8, 0., 0, 0, 0, "ErrScale 1e-4"}
{2009, 4, 16, 128, 90, 0.1, 0.0001, "dp", 0, 0.321267698807234, 0.07746724234437288, 0.00001, 0.8645663493406153, 0.00007, 0.04262377286666949, 7.e-6, 0.0009466122159983322, 3.e-7, 0.21143375509920012, 0.00003, 0.00032098640222095055, 1.e-7, 0.023080224223249998, 0.003016452187500001, "ErrScale 1e-4"}
{2009, 4, 16, 128, 90, 0.2, 0.0001, "dp", 0, 0.37530502584131736, 0.10435903096407495, 5.e-6, 0.756409790166258, 0.000014, 0.05887243903257093, 3.e-6, 0.0019201909160723423, 1.e-7, 0.17885395050151212, 7.e-6, 0.0006599167185532129, 7.e-8, 0.033571983367750004, 0.007228785312500011, "ErrScale 1e-4"}
{2009, 4, 16, 128, 90, 0.3, 0.0001, "dp", 0, 0.3841934867058451, 0.11780662931783047, 5.e-6, 0.6816091877064379, 4.e-6, 0.06997922876605714, 3.e-6, 0.0026405154173225866, 1.e-7, 0.15858717689762403, 2.e-6, 0.0009184318181262361, 4.e-8, 0.040277596593499984, 0.012007449843750006, "ErrScale 1e-4"}
{2009, 4, 16, 128, 90, 0.4, 0.0001, "dp", 0, 0.3788631725016632, 0.12530597736658072, 5.e-7, 0.6249457476745706, 3.e-6, 0.08269385867196208, 1.e-6, 0.0031615516467952787, 3.e-8, 0.14388582754766238, 2.e-6, 0.0011149452222967988, 2.e-8, 0.045224131297000016, 0.017211128437499983, "ErrScale 1e-4"}
{2009, 4, 16, 128, 90, 0.5, 0.0001, "dp", 0, 0.3667155261219494, 0.13225591956056648, 2.e-6, 0.5840793378648839, 2.e-6, 0.09482464775993774, 5.e-6, 0.0035242005661732722, 5.e-8, 0.13224474874250305, 1.e-6, 0.001264318796743985, 4.e-8, 0.04930001480125001, 0.02283268562500004, "ErrScale 1e-4"}
{2009, 4, 17, 128, 10, 0.05, 0.0001, "dp", 0, -0.014671598136713902, 0.006943293328803027, 6.e-9, 0.9998490382597478, 5.e-7, 0.0033768502187436164, 1.e-8, 6.70387372753048e-6, 3.e-11, 0.26175803880786047, 3.e-7, 2.23496404451012e-6, 9.e-12, 0.0019265190171425003, 0.00015337214649999956, "ErrScale 1e-4"}
{2009, 4, 20, 128, 100, 0, 0.0001, "dp", 0, 0, 0., 0, 1.0001321842586905, 0.00006, 0., 0, 0., 0, 0.2619597954220996, 0.00002, 0., 0, 0, 0, "ErrScale 1e-4"}
{2009, 4, 20, 128, 100, 0.1, 0.0001, "dp", 0, 0.35253507737701, 0.07802197193318532, 0.0001, 0.8415585340404677, 0.001, 0.0440283999489968, 0.0001, 0.0009879969393727353, 4.e-6, 0.20287367456131206, 0.0005, 0.0003363697290911757, 2.e-6, 0.023660077563574994, 0.003124693281250002, "ErrScale 1e-4"}
{2009, 4, 20, 128, 100, 0.2, 0.0001, "dp", 0, 0.4004537509307514, 0.10244775762728037, 0.00002, 0.7328168964381774, 0.0002, 0.05940847951070448, 0.00002, 0.0019292897224350315, 1.e-6, 0.1711193680508256, 9.e-6, 0.0006666104747425213, 4.e-7, 0.03367133290125, 0.007297266718750004, "ErrScale 1e-4"}
{2009, 4, 20, 128, 100, 0.3, 0.0001, "dp", 0, 0.4065918245860625, 0.11414306112810237, 3.e-6, 0.6589936193075648, 0.0001, 0.07022819780596243, 0.00001, 0.0026017999714140036, 1.e-6, 0.1516014329273149, 0.00005, 0.0009102013415777377, 3.e-7, 0.039974345558125, 0.011976344687500001, "ErrScale 1e-4"}
{2009, 4, 20, 128, 100, 0.4, 0.0001, "dp", 0, 0.3997933259262018, 0.12358917686076011, 0.00002, 0.6047451801136862, 0.00006, 0.08270742072272178, 9.e-6, 0.0030769691489554605, 5.e-7, 0.13754650614106667, 0.00003, 0.001091518607400959, 2.e-7, 0.0447071990625, 0.017041618749999994, "ErrScale 1e-4"}
{2009, 4, 20, 128, 100, 0.5, 0.0001, "dp", 0, 0.3872580094777447, 0.13307579140445203, 0.00001, 0.5672040488676856, 0.00003, 0.09462734831561291, 5.e-6, 0.0033997146275929076, 3.e-7, 0.12643250326888686, 0.00002, 0.0012266944907294995, 1.e-7, 0.048493643345000004, 0.02249230609375002, "ErrScale 1e-4"}
{2009, 4, 30, 128, 10, 0.05, 0.0001, "dp", 0, -0.014671598136713902, 0.0069432848980809795, 5.e-11, 0.9998497154667622, 3.e-9, 0.003376848442324685, 3.e-11, 6.703904545110963e-6, 1.e-13, 0.261758358839649, 2.e-9, 2.234973816965253e-6, 3.e-14, 0.0019265190171425003, 0.00015337214649999956, "ErrScale 1e-4"}
{2009, 4, 30, 128, 20, 0.05, 0.0001, "dp", 0, -0.0022738630257650334, 0.013854386906074434, 9.e-8, 0.9987597808110397, 3.e-6, 0.006707104705741797, 4.e-8, 0.000026702749514131897, 3.e-10, 0.26143892368582977, 1.e-6, 8.901843523629093e-6, 1.e-10, 0.0038444603948525, 0.00030714494349999956, "ErrScale 1e-4"}
{2009, 4, 30, 128, 30, 0.05, 0.0001, "dp", 0, 0.017898863025765033, 0.02066064092176589, 2.e-6, 0.9965044422060071, 0.00002, 0.009929430859854513, 6.e-7, 0.00005947975010214555, 7.e-9, 0.2607014032980946, 0.00001, 0.000019828898281260153, 3.e-9, 0.0057383204716725, 0.0004609902640000025, "ErrScale 1e-4"}
{2009, 4, 30, 128, 40, 0.05, 0.0001, "dp", 0, 0.045600464121148446, 0.02724043181353965, 6.e-6, 0.9925475521035485, 0.00007, 0.012968158905255928, 3.e-6, 0.00010365249324030613, 4.e-8, 0.25927724028232385, 0.00004, 0.000034561776345637296, 2.e-8, 0.0075753914335375, 0.0006132498633000024, "ErrScale 1e-4"}
{2009, 4, 30, 128, 50, 0.05, 0.0001, "dp", 0, 0.0797002363123637, 0.03340058056129313, 0.00001, 0.9864222825578358, 0.0001, 0.01606524062170497, 6.e-6, 0.00015654035418065308, 1.e-7, 0.2569096900707947, 0.00006, 0.00005222448594920783, 4.e-8, 0.009310771353599999, 0.0007604244105374972, "ErrScale 1e-4"}
{2009, 4, 30, 128, 60, 0.05, 0.0001, "dp", 0, 0.11774512957454036, 0.038944937447359856, 0.00001, 0.9779670314402222, 0.0001, 0.01908893789936581, 5.e-6, 0.00021430976134123364, 4.e-7, 0.25349757220771757, 0.00006, 0.00007156820227847867, 4.e-8, 0.010894296312374999, 0.0008991185156250049, "ErrScale 1e-4"}
{2009, 4, 30, 128, 70, 0.05, 0.0001, "dp", 0, 0.15746880788259524, 0.043671947648363615, 0.00002, 0.9667426653169944, 0.0002, 0.021854919762682275, 0.00001, 0.00027210196641000835, 3.e-7, 0.24889571838913388, 0.0001, 0.00009100377264974182, 9.e-8, 0.012283740908174998, 0.001033030312500004, "ErrScale 1e-4"}
{2009, 4, 30, 128, 80, 0.05, 0.0001, "dp", 0, 0.19658556258470009, 0.0474872861073069, 0.00006, 0.9532123237816776, 0.0006, 0.024302251685409, 0.00004, 0.00032568475105680363, 1.e-6, 0.243238626966049, 0.00025, 0.0001091366800760314, 3.e-7, 0.013459241369824999, 0.0011532842187500017, "ErrScale 1e-4"}
{2009, 4, 30, 128, 90, 0.05, 0.0001, "dp", 0, 0.23380121178358987, 0.050440645304114136, 0.0001, 0.9380238663517775, 0.001, 0.026395296344678333, 0.00008, 0.0003728530721338307, 2.e-6, 0.23696842539662605, 0.0005, 0.00012523138169261334, 6.e-7, 0.014424789885450002, 0.0012580784531249977, "ErrScale 1e-4"}
{2009, 4, 30, 128, 100, 0.05, 0.0001, "dp", 0, 0.26790520225584635, 0.05261818121956949, 0.0002, 0.9221648480861365, 0.0014, 0.028136528361035543, 0.00014, 0.0004126034218529424, 3.e-6, 0.23043479978803588, 0.0007, 0.00013894006063773685, 1.e-6, 0.0151988508599875, 0.001347681718750003, "ErrScale 1e-4"}
{2009, 4, 30, 128, 110, 0.05, 0.0001, "dp", 0, 0.2985262239031073, 0.05415031420045161, 0.00026000000000000003, 0.9060348474720376, 0.0017, 0.029585694817419236, 0.0002, 0.0004448654683003074, 5.e-6, .2239010552130928, 0.0009, 0.00015021840203521198, 2.e-6, 0.015813581650025, 0.0014233631250000003, "ErrScale 1e-4"}
{2009, 4, 30, 128, 120, 0.05, 0.0001, "dp", 0, 0.32599438105714673, 0.055216301639675766, 0.0003, 0.8905046789831128, 0.0018000000000000002, 0.03079280408290208, 0.00024, 0.0004718503746140835, 5.e-6, 0.2177334935069397, 0.0009, 0.0001598192846077141, 2.e-6, 0.016296397046725003, 0.0014865362499999922, "ErrScale 1e-4"}
{2009, 4, 30, 128, 130, 0.05, 0.0001, "dp", 0, 0.3501886733807919, 0.05594663250680946, 0.0003, 0.8756558900285683, 0.0015, 0.031869367914177535, 0.0002, 0.0004945293719686867, 5.e-6, 0.2119912871102445, 0.0008, 0.00016806167677399934, 2.e-6, 0.016674291676350005, 0.0015390448437500055, "ErrScale 1e-4"}
{2009, 4, 30, 128, 140, 0.05, 0.0001, "dp", 0, 0.37207175285244753, 0.05632501844444785, 0.0002, 0.8611809618489313, 0.0008, 0.03271391575627775, 0.0002, 0.000512185351883905, 4.e-6, 0.20641125361219853, 0.0005, 0.0001746347263529296, 2.e-6, 0.016983844799875004, 0.0015841935937500025, "ErrScale 1e-4"}
{2009, 4, 28, 128, 80, 0.5, 0.0001, "dp", 0, 0.3407771954892544, 0.13512232740513827, 2.e-6, 0.6046125499713758, 0.00003, 0.09481162394771944, 5.e-6, 0.0036263190687657884, 4.e-7, 0.1390276055973737, 0.00002, 0.001292720723002144, 2.e-7, 0.04996937301624999, 0.02307694062500002, "ErrScale 1e-4"}
{2009, 4, 28, 128, 90, 0.5, 0.0001, "dp", 0, 0.3667155261219494, 0.13225557404452573, 2.e-6, 0.5840780429315259, 3.e-6, 0.09482428453804423, 2.e-6, 0.003524191768159417, 4.e-8, 0.13224416963767138, 2.e-6, 0.001264313442796401, 2.e-8, 0.049299988238749995, 0.022832727343750032, "ErrScale 1e-4"}
{2009, 4, 28, 128, 100, 0.5, 0.0001, "dp", 0, 0.3872580094777447, 0.13308911713633884, 2.e-6, 0.5672496598484695, 4.e-6, 0.09463366941163849,  7.e-7, 0.003400072900535195, 4.e-8, 0.12645318468602, 2.e-6, 0.0012268399946309828, 2.e-8, 0.04849360818875001, 0.022492211875000022, "ErrScale 1e-4"}
{2009, 4, 28, 128, 110, 0.5, 0.0001, "dp", 0, 0.403607553318993, 0.13344639167457395, 2.e-6, 0.5530164935022069, 6.e-6, 0.09437570487320851, 2.e-6, 0.0032654622240000687, 4.e-8, 0.12144315953984551, 3.e-6, 0.0011842019328973824, 2.e-8, 0.04755344718112498, 0.022086446406250026, "ErrScale 1e-4"}
{2009, 4, 28, 128, 120, 0.5, 0.0001, "dp", 0, 0.4175106832401786, 0.13341845798244306, 4.e-6, 0.5406079409737287, 6.e-6, 0.09400250878980573, 0.00002, 0.0031279035280549357, 2.e-7, 0.11704198397193134, 3.e-6, 0.001139072907849736, 2.e-7, 0.04652147788975, 0.021642412500000003, "ErrScale 1e-4"}
{2009, 4, 28, 128, 130, 0.5, 0.0001, "dp", 0, 0.42862382337361576, 0.13345428938857712, 3.e-6, 0.5295015957796912, 7.e-6, 0.09356706736881465, 0.00002, 0.002992470172192816, 1.e-7, 0.11312031248410678, 3.e-6, 0.00109337904430248, 1.e-7, 0.045546449733124994, 0.02122990123437498, "ErrScale 1e-4"}
{2009, 4, 28, 128, 140, 0.5, 0.0001, "dp", 0, 0.4379315303220749, 0.1332490967823731, 3.e-6, 0.5194272801289525, 7.e-6, 0.09309431726993089, 0.00002, 0.002862463450090106, 3.e-8, 0.10958455842295492, 4.e-6, 0.0010484871232230438, 2.e-8, 0.044573909012750, 0.020804887656249996, "ErrScale 1e-4"}
{2009, 4, 28, 128, 160, 0.5, 0.0001, "dp", 0, 0.4539779750512313, 0.13221834147210743, 3.e-6, 0.5013374947753585, 9.e-6, 0.09201548559737277, 0.00002, 0.002625420078273071, 4.e-8, 0.10340210842931062, 4.e-6, 0.0009643779061118603, 2.e-8, 0.042621078099250004, 0.019954961562500005, "ErrScale 1e-4"}
{2009, 4, 28, 128, 170, 0.5, 0.0001, "dp", 0, 0.46054053712518195, 0.13175204886334563, 0.00002, 0.49309965505467374, 7.e-6, 0.09147566202760367, 9.e-6, 0.002519622914442023, 5.e-8, 0.10066321338196026, 4.e-6, 0.0009260180068419226, 3.e-8, 0.041676866989249994, 0.019543607812499975, "ErrScale 1e-4"}
{2009, 4, 28, 128, 180, 0.5, 0.0001, "dp", 0, 0.4666975827787645, 0.13121344169265778, 3.e-6, 0.4852555603729229, 0.00001, 0.09095200551681087, 3.e-6, 0.0024220897384292835, 9.e-8, 0.09811048482707699, 4.e-6, 0.000890276517166843, 3.e-8, 0.040835455118499994, 0.01914804203125002, "ErrScale 1e-4"}
{2009, 4, 28, 128, 190, 0.5, 0.0001, "dp", 0, 0.47224661860242284, 0.13058741595933515, 0.00003, 0.4777755644489234, 0.00002, 0.09040263869786179, 0.00002, 0.0023329583931230784, 2.e-6, 0.09566270185788318, 0.00002, 0.0008573078945834799, 5.e-7, 0.04004383517400001, 0.018802439375000004, "ErrScale 1e-4"}
{2009, 5, 4, 128, 200, 0.05, 0.0001, "dp", 0, 0.45702790461635084, 0.052925497378024176, 0.0013000000000000002, 0.7780683922743045, 0.0064, 0.03390513614819672, 0.0009, 0.000517430690244278, 0.00002, 0.17632782187172125, 0.003, 0.00017961311916601385, 0.00001, 0.017537816310525006, 0.0017373614062500056, "ErrScale 1e-4"}
{2009, 5, 4, 128, 150, 0.05, 0.0001, "dp", 0, 0.3933984430687279, 0.058, 0.003, 0.86, 0.005, 0.034, 0.003, 0.0005757676036540496, 0.0001, 0.18300144440844265, 0.005, 0.0001973359221861944, 0.00005, 0.017632641146624994, 0.0016624503906250065, "ErrScale 1e-4"}
{2009, 5, 2, 128, 150, 0.5, 0.0001, "dp", 0, 0.44633038757078675, 0.13282028618886643, 3.e-6, 0.5101043090068725, 5.e-6, 0.09256795954913037, 4.e-6, 0.0027398895535477195, 3.e-8, 0.10637359804624691, 4.e-8, 0.0010053340284514392, 1.e-8, 0.043593397023625, 0.020377095312499965, "ErrScale 1e-4"}
{2009, 5, 2, 128, 200, 0.5, 0.0001, "dp", 0, 0.4779014180811101, 0.1298987365584485, 3.e-6, 0.4708182823782321, 7.e-6, 0.08983022213331512, 8.e-6, 0.002250235289111002, 5.e-8, 0.09348588821021937, 3.e-6, 0.0008265908411249263, 4.e-8, 0.03928028654137501, 0.018472627812499993, "ErrScale 1e-4"}
{2009, 5, 4, 128, 210, 0.05, 0.0001, "dp", 0, 0.4662566248413038, 0.0539124687608549, 8.e-7, 0.7765597734232681, 9.e-6, 0.03512482182304249, 2.e-6, 0.0005517685951014016, 2.e-8, 0.17736129550513094, 5.e-6, 0.00019252280531999636, 1.e-8, 0.017504447455250004, 0.0017503723437500007, "ErrScale 1e-4"}
{2009, 5, 4, 128, 220, 0.05, 0.0001, "dp", 0, 0.4747525232204153, 0.053160672493205455, 8.e-7, 0.7664355349255667, 8.e-6, 0.03509491620628277, 7.e-7, 0.000548988639547645, 1.e-8, 0.17401665169710606, 5.e-6, 0.00019207917770541462, 5.e-9, 0.017466394482975007, 0.0017614396874999936, "ErrScale 1e-4"}
{2009, 5, 4, 128, 230, 0.05, 0.0001, "dp", 0, 0.4823627335375528, 0.0523701488899717, 2.e-6, 0.7567284073369851, 7.e-6, 0.03503192290474661, 2.e-6, 0.0005451883733816036, 1.e-8, 0.17086697905570455, 5.e-6, 0.00019124676553443335, 5.e-9, 0.017419443014275005, 0.0017792397152500015, "ErrScale 1e-4"}
{2009, 5, 4, 128, 210, 0.5, 0.0001, "dp", 0, 0.48310822533688125, 0.1291412833438429, 2.e-6, 0.4640532787709289, 2.e-6, 0.08934088609922834, 3.e-6, 0.002174641785575725, 2.e-8, 0.09138335689909731, 6.e-7, 0.0007983698574932695, 1.e-8, 0.038579808724875, 0.018159072812499982, "ErrScale 1e-4"}
{2009, 5, 4, 128, 220, 0.5, 0.0001, "dp", 0, 0.48870500710978115, 0.12860132174810193, 0.0002, 0.456130342672452, 0.0005, 0.08894584784474845, 0.0002, 0.0021112019947657564, 0.00001, 0.08891577093319054, 0.0002, 0.0007743259255008167, 4.e-6, 0.0379068393575, 0.017858161875, "ErrScale 1e-4"}
{2009, 8, 8, 128, 50, 0.01, 0.0001, "dp", 0, 0.016874081293129894, 0.0069335526249714495, 1.e-7, 0.9994706399283558, 6.e-6, 0.0032928509505108037, 7.e-8, 6.690326561910732e-6, 3.e-10, 0.2617106607393518, 3.e-6, 2.2295881333344012e-6, 8.e-11, 0.0019070393688025, 0.0001303692637149999, "ErrScale 1e-4"}
{2009, 8, 10, 128, 100, 0.01, 0.0001, "dp", 0, 0.07657782010011277, 0.013626641122068423, 4.e-7, 0.9946828978681188, 0.00001, 0.006643549791346362, 2.e-7, 0.00002595187302216067, 2.e-9, 0.25960014366192263, 5.e-6, 8.655265054139396e-6, 5.e-10, 0.00375674091872375, 0.00026123661312499997, "ErrScale 1e-4"}
{2009, 8, 10, 128, 150, 0.01, 0.0001, "dp", 0, 0.16259633339183177, 0.019242113521194044, 3.e-6, 0.9791386591833777, 0.00006, 0.009791560612725144, 2.e-6, 0.00005249930295165281, 2.e-8, 0.25248996728665474, 0.00003, 0.000017560136397586295, 5.e-9, 0.005355303300325, 0.00039032733947500073, "ErrScale 1e-4"}
{2009, 8, 11, 128, 200, 0.01, 0.0001, "dp", 0, 0.2518980567646851, 0.022676651288713066, 0.0001, 0.9451373659303616, 0.002, 0.012081435272405, 0.00008, 0.00007491560879928874, 7.e-7, 0.23731445529965423, 0.0001, 0.000025172155420631347, 3.e-7, 0.0065262135953750005, 0.0005021619566874987, "ErrScale 1e-4"}
{2009, 11, 12, 128, 1, 0, 0.0001, "dp", 0, 0, 0., 0, 1.0000578050252587, 6.e-6, 0., 0, 0., 0, 0.2619375491497354, 3.e-6, 0., 0, 0, 0, "ErrScale 1e-4"}
{2009, 11, 12, 128, 1, 0.1, 0.0001, "dp", 0, -0.037494985296648076, 0.001391144852985956, 5.e-10, 1.0005566691688292, 4.e-9, 0.00069709542645729, 2.e-11, 2.685453523196081e-7, 1.e-14, 0.2615778695918649, 2.e-9, 8.965691534602188e-8, 5.e-15, 0.00039030197605375, 0.00004608078437500011, "ErrScale 1e-4"}
{2009, 11, 12, 128, 1, 0.2, 0.0001, "dp", 0, -0.07499999999999978, 0.002795868825709822, 2.e-10, 1.0018836141276162, 1.e-8, 0.0014835145041959816, 1.e-10, 1.0756584803568434e-6, 6.e-14, 0.26050276054608557, 5.e-9, 3.611728494613618e-7, 2.e-14, 0.00080202941710875, 0.00015980067187500022, "ErrScale 1e-4"}
{2009, 11, 12, 128, 1, 0.3, 0.0001, "dp", 0, -0.11464645085166408, 0.004227684632609147, 5.e-10, 1.0040822523767916, 2.e-8, 0.0023805072201922286, 3.e-10, 2.4247619186470953e-6, 3.e-13, 0.2586512911421709, 8.e-9, 8.221316261425889e-7, 1.e-13, 0.0012403508025825, 0.00034857179687500044, "ErrScale 1e-4"}
{2009, 11, 12, 128, 1, 0.4, 0.0001, "dp", 0, -0.153125, 0.005699346145244653, 6.e-10, 1.0069775777206247, 3.e-8, 0.0034136078046640658, 3.e-10, 4.317486716982577e-6, 6.e-13, 0.25592218475653533, 1.e-8, 1.4847870610159968e-6, 3.e-13, 0.00171113259317, 0.0006219949062500003, "ErrScale 1e-4"}
{2009, 11, 12, 128, 1, 0.5, 0.0001, "dp", 0, -0.19392800350987266, 0.007221308405124763, 2.e-9, 1.0103706376036903, 3.e-8, 0.004616705885124355, 7.e-10, 6.7453688391443e-6, 1.e-12, 0.25215326339622507, 2.e-8, 2.3648501526361815e-6, 4.e-13, 0.0022209245566774992, 0.0009940977187500007, "ErrScale 1e-4"}
{2009, 11, 12, 128, 1, 0.6, 0.0001, "dp", 0, -0.234375, 0.008797860448157117, 2.e-9, 1.0137016021052643, 5.e-8, 0.006043282555851062, 9.e-10, 9.672519775363028e-6, 3.e-12, 0.24709273215897573, 2.e-8, 3.4779900293220137e-6, 9.e-13, 0.002776869496869999, 0.0014858774687499972, "ErrScale 1e-4"}
{2009, 11, 12, 128, 1, 0.7, 0.0001, "dp", 0, -0.2781249999999998, 0.01041685458040861, 4.e-7, 1.0160940557339104, 1.e-6, 0.007745005079469135, 2.e-7, 0.000012997646896809679, 8.e-10, 0.24033770337282398, 5.e-6, 4.829735610565517e-6, 3.e-10, 0.0033847923116925, 0.0021242459374999994, "ErrScale 1e-4"}
{2009, 11, 13, 128, 10, 0, 0.0001, "dp", 0, 0, 0., 0, 1.1610050863016135, 0.006, 0., 0, 0., 0, 0.3471022429608761, 0.003, 0., 0, 0, 0, "ErrScale 1e-4"}
{2009, 11, 13, 128, 10, 0.1, 0.0001, "dp", 0, -0.029955818264148906, 0.014414576419225068, 0.00002, 1.0288746153861092, 0.005, 0.007202927774585153, 0.00001, 0.000028903835247422917, 9.e-8, 0.2754363372146436, 0.0025, 9.647093812795906e-6, 4.e-8, 0.003787706596146249, 0.00044846393750000175, "ErrScale 1e-4"}
{2009, 11, 13, 128, 10, 0.2, 0.0001, "dp", 0, -0.05899855931232548, 0.027796574612773173, 0.0001, 0.9983109883015534, 0.0003, 0.014663242230351627, 0.0001, 0.0001064151180116181, 3.e-7, 0.2599924040573302, 0.00015000000000000001, 0.00003571758925587382, 9.e-8, 0.007931810187162502, 0.0015777153437499982, "ErrScale 1e-4"}
{2009, 11, 13, 128, 10, 0.3, 0.0001, "dp", 0, -0.08944725942628125, 0.041487657882208095, 0.0001, 0.9826206740542778, 0.003, 0.0231567092789724, 0.00006, 0.00023460788721578468, 1.e-6, 0.2551004537252419, 0.00015000000000000001, 0.00007946942692542395, 4.e-7, 0.012162517089725003, 0.0034163687500000017, "ErrScale 1e-4"}
{2009, 11, 13, 128, 10, 0.4, 0.0001, "dp", 0, -0.12094285300730055, 0.05501053716927104, 0.0004, 0.9818305524780387, 0.001, 0.03258165844435841, 0.0004, 0.00040606993393011814, 4.e-6, 0.2498846623549588, 0.0002, 0.0001393734877922223, 2.e-6, 0.0165332614068, 0.0060298048437500106, "ErrScale 1e-4"}
{2009, 11, 13, 128, 10, 0.5, 0.0001, "dp", 0, -0.15411136906925726, 0.06825534137888721, 0.0005, 0.9738135997251538, 0.001, 0.04305854127623717, 0.0008, 0.0006131164123059034, 5.e-6, 0.24331846293331597, 0.0003, 0.00021428142614955852, 2.e-6, 0.021045612736774993, 0.009447240781249998, "ErrScale 1e-4"}
{2009, 11, 13, 128, 10, 0.6, 0.0001, "dp", 0, -0.1896488459435591, 0.08110953717330867, 0.0006, 0.9642191088232988, 0.0012, 0.05484813348790914, 0.0004, 0.0008167256570751605, 9.e-6, 0.23522318933686728, 0.0004, 0.0002924650376704302, 4.e-6, 0.025670134665225, 0.013715496406250003, "ErrScale 1e-4"}
{2009, 12, 4, 100, 10, 0.5, 0.0001, "epsr", 0, 0.11499411377539527, 0.06035485261039909, 0.0002, 0.9545669436778645, 0.0012, 0.035022209973279234, 0.0001, 0.0005142710908795985, 4.e-6, 0.24702318051878425, 0.0005, 0.00017964010949259482, 1.e-6, 0.01912086350000012, 0.008670188400000178, "ErrScale 1e-4"}
{2009, 12, 4, 100, 20, 0.5, 0.0001, "epsr", 0, 0.20242854838276195, 0.09677975621802959, 0.0008, 0.893386820733867, 0.0025, 0.05562310229529524, 0.0005, 0.0013877069575773747, 0.00002, 0.22321319557239058, 0.001, 0.0004888877303903627, 9.e-6, 0.03192251800000019, 0.014458019000000284, "ErrScale 1e-4"}
{2009, 12, 4, 100, 30, 0.5, 0.0001, "epsr", 0, 0.2853326364381645, 0.11241772542394086, 0.0008, 0.8321803291192417, 0.002, 0.06482073623433769, 0.0005, 0.0019947818367830536, 0.00003, 0.19961136496994467, 0.0012, 0.0007105828254603062, 0.00001, 0.038613434100000225, 0.017539992000000365, "ErrScale 1e-4"}
{2009, 12, 4, 100, 40, 0.5, 0.0001, "epsr", 0, 0.34921215971661107, 0.11688053763944253, 0.001, 0.7824685776212651, 0.0006, 0.06865610639628533, 0.0006, 0.0023217750582905546, 0.00004, 0.18100479746974077, 0.001,  0.0008370822306732172, 0.00001, 0.041624510000000246, 0.018985776000000364,  "ErrScale 1e-4"}
{2009, 12, 4, 100, 50, 0.5, 0.0001, "epsr", 0, 0.39609146756711605, 0.11805787320639297, 0.007, 0.7421406061550021, 6.e-6, 0.07127774742575389, 0.02, 0.0025495809972422446, 5.e-7, 0.16860296695428084, 1.e-6, 0.0009316372321335289, 5.e-7, 0.04272132130000024, 0.019561888200000377, "ErrScale 1e-4"}
{2010, 1, 14, 64, 10, 0.5, 0.0001, "dp1", 0, -0.15484593957308104, 0.06795745809105394, 6.e-6, 0.9790211100154612, 1.e-8, 0.043017128575658856, 6.e-7, 0.0006104661380527778, 3.e-9, 0.24495154816498063, 5.e-9, 0.00021323193049960375, 3.e-9, 0.020974286874999998, 0.010065316875000008, "ErrScale 1e-4"}
